idmatch,result_finish_match,result_finish_match_prediction,proba_win_1,proba_draw,proba_win_2
133898,,1,0.3817930661927735,0.28267463412857796,0.33553229967864845
142139,,1,0.42551722930982966,0.2810365641822013,0.29344620650796904
39731,,1,0.4332495625851278,0.2583813962064699,0.3083690412084023
171342,,1,0.35232671268464083,0.30205324222909685,0.3456200450862624
181526,,3,0.3403507471750257,0.3026674226589107,0.3569818301660635
127816,,1,0.3538678120662922,0.328392780497051,0.31773940743665674
186966,,1,0.4270505308978522,0.2628810728576052,0.3100683962445426
74854,,1,0.3775419295463761,0.3148586656451504,0.3075994048084734
29544,,1,0.37367843314305466,0.3024060743727391,0.3239154924842062
118831,,1,0.3797261884921776,0.32420288721889706,0.2960709242889253
177026,,1,0.3792816481416877,0.2506549307139829,0.3700634211443294
60608,,1,0.3698913269946644,0.27708897287389583,0.3530197001314397
120501,,1,0.40868409371664954,0.2885245677607887,0.3027913385225618
100349,,1,0.3980190839378999,0.31428055490260304,0.2877003611594971
38200,,1,0.38392928385211694,0.32694839649143237,0.28912231965645063
107438,,1,0.353857825311774,0.29854868704119386,0.3475934876470322
48514,,1,0.35817432361779794,0.2888499985316209,0.3529756778505812
172867,,1,0.36876892582237675,0.2874213425498399,0.3438097316277834
29812,,1,0.4160304862831578,0.27036319551153654,0.31360631820530566
106438,,3,0.3206631624016508,0.30834869368343587,0.37098814391491325
171929,,1,0.3652356713079436,0.34962546460722554,0.28513886408483086
61277,,1,0.39220509308710677,0.31270373466349055,0.29509117224940273
46763,,2,0.3153681851237028,0.3640637957350229,0.3205680191412744
27327,,1,0.36862779191063905,0.3039552578023254,0.32741695028703544
173504,,2,0.3427456234136008,0.3433298616079005,0.3139245149784987
137555,,1,0.35946045082365613,0.3026558223423588,0.337883726833985
113664,,1,0.37465903174955567,0.3290222886545078,0.29631867959593655
132188,,1,0.36666306569583634,0.30040814674636057,0.33292878755780314
171446,,1,0.390549637781571,0.31189654249212023,0.2975538197263087
36873,,3,0.3557753041031044,0.2718781407544549,0.37234655514244064
101007,,1,0.40241725398435846,0.25758890644792903,0.33999383956771245
169480,,1,0.409243800404148,0.3204334370680935,0.27032276252775844
46115,,1,0.37564734365787467,0.2813967210511219,0.34295593529100343
100539,,2,0.34339143163155567,0.3496931831801653,0.30691538518827904
47039,,1,0.41836047462943615,0.2812054138328966,0.30043411153766725
20035,,1,0.42096262452620087,0.24958531865168554,0.32945205682211365
104853,,3,0.35225606637144935,0.29461158189283343,0.35313235173571716
27294,,1,0.40115901581715574,0.28923512876229385,0.30960585542055036
125002,,1,0.37739630991850603,0.2751468040634656,0.3474568860180285
144887,,3,0.3521872007330313,0.2675323463758256,0.38028045289114304
126251,,1,0.3972116431186816,0.2590158421599034,0.34377251472141496
29882,,1,0.386684084077695,0.33612926607864063,0.2771866498436644
136769,,1,0.3837902876065823,0.2935844364741411,0.3226252759192766
58413,,1,0.38982696445910753,0.27156425010355956,0.33860878543733297
13261,,1,0.38805678449301684,0.3090111552470039,0.3029320602599793
56417,,3,0.3567959237947781,0.27747799979869675,0.3657260764065251
41841,,2,0.3241083132441528,0.4051989392362881,0.27069274751955913
110423,,1,0.37557599045930085,0.2773388175171826,0.3470851920235167
62312,,2,0.31961493234376487,0.3657309082160082,0.3146541594402269
4902,,1,0.40960334454993186,0.2661104847313235,0.32428617071874455
2586,,3,0.33648276307952973,0.3144769073083765,0.34904032961209375
134128,,1,0.3769306250486301,0.32012563837532565,0.30294373657604434
110079,,1,0.3587776593819026,0.2956597181517603,0.34556262246633723
55905,,3,0.3461873729332352,0.2946210115067997,0.3591916155599651
61424,,1,0.3894658690600514,0.2714576734581408,0.3390764574818078
29223,,1,0.3756021762729188,0.2668880641192937,0.3575097596077874
26077,,1,0.37394430197226053,0.26415769658543403,0.36189800144230544
17050,,1,0.3503256277900646,0.3101960651954364,0.3394783070144989
108624,,1,0.3860018254042824,0.28480120380372803,0.32919697079198956
107715,,1,0.36267690426604343,0.28069346703456177,0.35662962869939474
172660,,1,0.3852783949643434,0.2936181707330814,0.32110343430257515
108867,,1,0.34198217373870615,0.33660348544286217,0.3214143408184318
171102,,1,0.35916623843805906,0.3120358086634828,0.32879795289845826
159766,,1,0.3680184770161538,0.2889846681499273,0.3429968548339189
45346,,3,0.31345539308371173,0.29450912196660856,0.39203548494967966
72519,,1,0.3534695582518774,0.3047299837714588,0.3418004579766637
105254,,2,0.3285966793224598,0.37543311723940787,0.2959702034381324
106875,,1,0.36042063489673015,0.2865215540679585,0.3530578110353114
116078,,1,0.3878844095902276,0.28170299501093393,0.3304125953988385
111826,,1,0.3771565685374562,0.2862673875828624,0.3365760438796813
57818,,1,0.3779199999408948,0.2549455101681971,0.3671344898909081
27209,,1,0.36993432207539684,0.299773945539556,0.33029173238504717
137975,,1,0.3736574874567739,0.314757566583178,0.3115849459600482
39343,,1,0.3740415960766417,0.3290045301964899,0.2969538737268683
97217,,1,0.36066190587960206,0.2882306745664308,0.35110741955396707
151007,,1,0.38757876677452496,0.2961716168665611,0.31624961635891385
140563,,3,0.34805418053890846,0.27677774817831413,0.37516807128277735
70525,,2,0.345935086726523,0.3596590404595444,0.29440587281393266
133191,,1,0.38385392576211524,0.2882027002056974,0.3279433740321873
105146,,1,0.34976984315586795,0.3486336063005333,0.30159655054359874
32815,,1,0.36525263321573925,0.2806333248820932,0.3541140419021676
57216,,1,0.38649907303224046,0.2825085459138122,0.33099238105394724
106403,,1,0.39491127885286637,0.2745446593844954,0.33054406176263823
156160,,3,0.3449973345450253,0.30734644868177147,0.3476562167732032
111234,,1,0.38950120917859454,0.2831635677069576,0.32733522311444796
124246,,1,0.3852156774191466,0.3001490929157549,0.3146352296650985
72040,,1,0.3791358802875469,0.29547911639065655,0.32538500332179643
39337,,1,0.38343300127099306,0.3073559032216331,0.3092110955073739
42136,,1,0.4027751796902312,0.2855387250404132,0.3116860952693556
19428,,1,0.3486139536010448,0.3173316988506277,0.33405434754832747
83657,,3,0.36242370072296837,0.2655777102549761,0.37199858902205557
151390,,1,0.34776257387063175,0.30642699276895047,0.34581043336041783
152712,,1,0.3577671120230045,0.33550556924802777,0.3067273187289677
169265,,1,0.38501368378625817,0.2920964207124185,0.3228898955013234
168628,,1,0.45707111596680583,0.29091388234688303,0.2520150016863111
38207,,1,0.3860209097800573,0.29851710517461494,0.31546198504532774
134915,,1,0.37070772314835554,0.29138434439677313,0.3379079324548712
109653,,1,0.36308619465323494,0.3310000253775375,0.3059137799692274
101511,,1,0.3612694663256458,0.2877848673809751,0.3509456662933792
108633,,1,0.4075509428040056,0.24100141437418388,0.3514476428218107
120320,,1,0.37000805701279305,0.3061203746472727,0.3238715683399343
96344,,1,0.413358087860138,0.2934966424721502,0.29314526966771187
22913,,1,0.360418440915149,0.2870413092562273,0.35254024982862375
149656,,1,0.3828847237641818,0.2933117722980645,0.3238035039377537
148906,,1,0.3838882637297914,0.27979643102208,0.3363153052481284
140588,,3,0.35522520651133405,0.2750773752476789,0.3696974182409871
145725,,3,0.35160736192228054,0.271550937214723,0.3768417008629965
63046,,1,0.4105459967916845,0.28665663032339156,0.30279737288492387
110477,,1,0.41941047311893637,0.276233374853246,0.30435615202781746
63503,,1,0.37121400164145546,0.27371675665178996,0.3550692417067545
15853,,1,0.38777206952462495,0.28212019167042995,0.33010773880494504
144351,,1,0.3628738045414217,0.30981428187368754,0.3273119135848907
62341,,1,0.36030097302206454,0.3402218622001816,0.29947716477775393
97410,,3,0.34074184146239617,0.2728856156265853,0.38637254291101847
108425,,1,0.3596700448956642,0.30687876085306315,0.33345119425127273
169254,,3,0.32012913440972257,0.23463242369439918,0.4452384418958783
56352,,1,0.3762373364007118,0.3167368772971602,0.307025786302128
89759,,1,0.38785166825260414,0.3438330710785338,0.2683152606688621
120731,,1,0.3970308176914771,0.314818660411504,0.2881505218970188
103425,,1,0.3757130615670732,0.27364467449369567,0.35064226393923104
99389,,1,0.36201721619477056,0.29343029275649835,0.344552491048731
105012,,3,0.3558479629021793,0.25014645121974766,0.394005585878073
40298,,3,0.3234675886893524,0.2854066145047112,0.39112579680593645
132046,,1,0.39451254757703647,0.343004873907869,0.26248257851509443
129277,,1,0.3674371018592555,0.3219722107994443,0.31059068734130024
113304,,3,0.3183371746836611,0.28454595987823594,0.39711686543810304
57318,,3,0.3161905755334141,0.26148113346266816,0.4223282910039178
95841,,1,0.35198036819625794,0.33616136838283134,0.3118582634209107
100696,,1,0.3928348602859083,0.3149838860998579,0.2921812536142338
32871,,1,0.4083989457215509,0.3152835711723245,0.27631748310612475
101063,,1,0.3998393582087387,0.26316948114590705,0.3369911606453543
151475,,3,0.33771872935223224,0.3031990905951466,0.35908218005262105
57590,,1,0.390701270841162,0.29761366160024777,0.31168506755859016
122068,,3,0.32729497995415113,0.30265372619387326,0.37005129385197566
60631,,1,0.3717272105026743,0.2790479748172895,0.3492248146800361
170333,,1,0.37049178614649475,0.2848951443795982,0.34461306947390713
95365,,1,0.43624261483672294,0.2604441019732953,0.3033132831899818
127227,,1,0.35890028768510435,0.3021093820248343,0.33899033029006137
172886,,3,0.331193709752982,0.2528272565194506,0.4159790337275675
103755,,1,0.3610124485458481,0.28985356407543184,0.34913398737872003
109242,,1,0.3946726417690463,0.3011394489319839,0.3041879092989697
170453,,1,0.37001864280444907,0.2679749749241887,0.3620063822713622
107733,,1,0.39693400958479663,0.23530853394131154,0.36775745647389185
56336,,1,0.4180322737338185,0.2518245051081951,0.3301432211579865
86278,,1,0.3928659962440841,0.298954062108806,0.30817994164710993
13390,,1,0.3521841542597461,0.30790741459845,0.3399084311418038
122356,,1,0.4181804857552458,0.2896092241151796,0.2922102901295747
118133,,3,0.3236075051332667,0.305038720682137,0.37135377418459636
60566,,1,0.3569950069796954,0.30513348396617046,0.3378715090541342
64272,,3,0.3395405037610435,0.2851566870343652,0.3753028092045912
99617,,1,0.37178415946030535,0.3268563654111056,0.30135947512858907
54406,,3,0.3219693816431411,0.28780036741041,0.39023025094644886
109889,,1,0.3801535147147062,0.2775079418938884,0.34233854339140546
59026,,1,0.39563877433776873,0.25961731959504375,0.34474390606718747
56573,,3,0.3320612284503784,0.27611849208073175,0.39182027946888986
23599,,1,0.3461063430856338,0.31659418734806816,0.3372994695662981
102385,,1,0.42595634394204773,0.2715532078457399,0.30249044821221227
51365,,3,0.35436996054273046,0.27322122885832706,0.3724088105989425
67749,,1,0.3530611914202207,0.2941723464142421,0.35276646216553714
85413,,1,0.4171164489668486,0.2752657316739841,0.3076178193591673
55206,,1,0.38883784929027976,0.3061432737198761,0.3050188769898441
130444,,1,0.35571446805989526,0.29820285879306974,0.3460826731470351
154158,,1,0.37031523081137596,0.30627757572429976,0.3234071934643242
115960,,1,0.35577240678485594,0.34116185772804813,0.3030657354870958
100030,,1,0.3618189065947664,0.3144066068184506,0.32377448658678293
118651,,1,0.4025707291433958,0.2591404842486272,0.33828878660797707
20180,,3,0.3494546012242561,0.28475431708279364,0.36579108169295027
85571,,1,0.3637507541321861,0.2844068572592325,0.3518423886085814
56123,,1,0.37705262680152074,0.2510502618206328,0.37189711137784653
48687,,1,0.3830260449474277,0.32177891806036807,0.29519503699220423
67140,,1,0.3595117100606286,0.29648478111367177,0.34400350882569963
72608,,1,0.37509594451399,0.30540607656086466,0.3194979789251453
102815,,1,0.4594877643074147,0.2875869914144361,0.2529252442781492
147955,,3,0.3556435547910176,0.2676912837459352,0.3766651614630472
46726,,1,0.36125696086216874,0.31767443236665505,0.3210686067711762
98045,,1,0.3745400517929267,0.2820023102925927,0.3434576379144807
127825,,1,0.4008379471152077,0.32017416881649224,0.2789878840683
188531,,1,0.39816853761622373,0.28255574285528445,0.31927571952849176
15724,,1,0.3803632018506092,0.27136903269664053,0.3482677654527503
156083,,3,0.3295810576972818,0.26592584438915695,0.40449309791356125
147810,,1,0.39294834044669763,0.2757432416758566,0.33130841787744575
118804,,1,0.37499156576074616,0.29429019259876626,0.3307182416404875
161672,,1,0.3605835198754409,0.31435457037683545,0.32506190974772364
69636,,1,0.3686144083572744,0.3562754009382288,0.2751101907044969
134789,,1,0.39302768303295144,0.2749828014506432,0.33198951551640543
27742,,3,0.3341997746537857,0.22478558235564802,0.4410146429905663
11890,,3,0.20344319178916018,0.28854669494710367,0.5080101132637361
150439,,1,0.38048294514249614,0.25572253077158014,0.3637945240859237
107856,,1,0.37852327184749196,0.28781250022817345,0.3336642279243346
69446,,1,0.395295825488109,0.262748865606785,0.34195530890510606
60746,,1,0.3973610013130462,0.28023407210679974,0.3224049265801541
168943,,1,0.3747882073944101,0.28699836255695216,0.33821343004863774
97029,,1,0.42455378008829997,0.28050211697428146,0.2949441029374185
115804,,1,0.39079353770293473,0.31770942014511144,0.29149704215195393
158583,,3,0.32612513567143836,0.3089563473732255,0.3649185169553361
59833,,3,0.29857685013242063,0.24804431141001781,0.45337883845756155
108510,,1,0.37288351561093297,0.2805331421259897,0.34658334226307724
175851,,1,0.3769131531868463,0.30353544813731065,0.31955139867584303
108757,,3,0.33825144279163655,0.29199005847608345,0.36975849873228006
99182,,3,0.3431829792595589,0.31148973619398873,0.34532728454645245
111484,,1,0.3993668903358832,0.2741072796438042,0.32652583002031266
132378,,3,0.3273159542299295,0.3043307991774399,0.36835324659263063
104848,,1,0.36488871393277916,0.29489888092235395,0.34021240514486695
116743,,1,0.38023935930224995,0.2951040367076815,0.32465660399006857
74812,,1,0.37710305397068433,0.2765389708948817,0.34635797513443406
116339,,1,0.3765770895539633,0.296321283271362,0.3271016271746748
99622,,2,0.3333018545499919,0.3466323898782131,0.3200657555717952
71840,,1,0.4059214686804847,0.2978404539970362,0.29623807732247925
147727,,1,0.37075906795419183,0.2981573547634347,0.33108357728237353
169175,,1,0.4075542524821267,0.2832340708953848,0.30921167662248866
154229,,3,0.3344301931133919,0.23456500206646377,0.4310048048201443
78190,,1,0.4152919755108094,0.2747660859518244,0.3099419385373662
139071,,1,0.3666506662116292,0.33159543714972983,0.30175389663864094
177975,,1,0.4241871206895946,0.28596902473466207,0.2898438545757433
58001,,1,0.37286129652695144,0.27367295839837497,0.3534657450746736
38392,,1,0.43429284888980413,0.2659393099174104,0.29976784119278554
67803,,1,0.3929491806166846,0.29022484391920683,0.31682597546410857
129523,,3,0.3595726562085337,0.25877865766373687,0.3816486861277295
113510,,1,0.3664807727569093,0.3220963191295678,0.31142290811352297
135877,,1,0.3623867325456074,0.30806845968784363,0.329544807766549
66749,,1,0.35750933698623133,0.32145426158151097,0.32103640143225765
25331,2.0,1,0.3687824138335302,0.2993681382136727,0.331849447952797
116295,,1,0.3526014119859208,0.2972886670118846,0.3501099210021946
149790,,1,0.42408780767904863,0.2874793155000618,0.28843287682088964
46623,,3,0.330722481152768,0.29935749856770205,0.3699200202795299
126462,,1,0.4006160894874986,0.34022401093723087,0.2591598995752705
137162,,3,0.2856896834708106,0.2934918869310513,0.42081842959813803
134470,,1,0.3803166790493619,0.26933502355375716,0.35034829739688095
121394,,1,0.3845006466590407,0.3043329126943216,0.31116644064663773
120639,,1,0.3568213623365306,0.31748598971667213,0.32569264794679736
129565,,1,0.4262678504134208,0.2699081090630195,0.30382404052355977
59394,,1,0.34844439853169995,0.32730653615484784,0.32424906531345227
148814,,1,0.35828113879002915,0.28896045709361584,0.3527584041163552
45343,,1,0.39639369749319037,0.2614451093676759,0.34216119313913373
188664,,1,0.3799811870346042,0.3064865620808164,0.31353225088457926
125652,,3,0.3633317365288018,0.2597990718397357,0.37686919163146243
135169,,1,0.39266846097076363,0.31532103145034074,0.29201050757889574
116916,,3,0.33440973568712967,0.3039592273005667,0.3616310370123037
43489,,1,0.42432289740128404,0.2784903004688153,0.2971868021299006
13441,,1,0.40663309130881586,0.282887828337118,0.3104790803540661
47488,,1,0.36961336507662423,0.3338566930712361,0.2965299418521396
107505,,1,0.4589881487034818,0.25601556884204557,0.2849962824544725
45480,,1,0.35307317989256126,0.3050285375165696,0.3418982825908692
69028,,1,0.36550769202744704,0.27562985673138574,0.3588624512411671
168072,,1,0.40431761256157195,0.2820766216861508,0.31360576575227733
66399,,1,0.3615670429775644,0.3218954533118375,0.31653750371059813
25628,,2,0.35046658420738425,0.3567453996263578,0.29278801616625805
23051,,3,0.3436112936940138,0.2873593912845017,0.36902931502148456
105746,,1,0.3769667324466698,0.27387555629243776,0.34915771126089234
149754,,1,0.3874482164503195,0.3502397346616192,0.26231204888806126
148701,,3,0.3262133669069197,0.2866250814233981,0.38716155166968225
127527,,3,0.35166122250731646,0.2819327033882981,0.36640607410438536
47867,,1,0.40434559608907034,0.3090574617507703,0.2865969421601595
168918,,1,0.3655062655860829,0.33038473987800315,0.3041089945359139
139866,,3,0.3217495502436681,0.3300707185675729,0.34817973118875906
135376,,3,0.34320214017097117,0.265498644936993,0.39129921489203584
134376,,1,0.4013634965823698,0.28823684779615527,0.31039965562147487
99747,,3,0.3358991161982454,0.29429983375526036,0.3698010500464943
147733,,1,0.3724662857711494,0.30514546043541396,0.3223882537934366
58264,,1,0.384155710777246,0.27380244455151853,0.3420418446712355
156365,,1,0.36182960495850497,0.3090765280310456,0.32909386701044935
43392,,1,0.3688681439621628,0.30103789246716645,0.3300939635706707
133608,,1,0.3729123438546321,0.2932106323505984,0.3338770237947695
55363,,1,0.3919972583045447,0.3026824850612836,0.3053202566341717
134247,,1,0.38099640529655715,0.30459469084113916,0.3144089038623038
150329,,1,0.3759382054704809,0.30480813997926903,0.31925365455025007
104596,,1,0.3841861450135254,0.2748640914278859,0.3409497635585886
65177,,1,0.3881449652140323,0.3161848310525527,0.29567020373341496
109837,,1,0.41127819834998663,0.284941242603999,0.30378055904601453
171064,,1,0.37484805204295857,0.3410392669208632,0.28411268103617815
113677,,2,0.33878748615535814,0.34312030504759994,0.31809220879704186
20176,,1,0.36307647716205593,0.30892324786070036,0.32800027497724377
32861,,1,0.387300804914706,0.33854439926505303,0.274154795820241
107414,,1,0.4323753749107347,0.27667838538440026,0.29094623970486505
177298,,2,0.33278274912783545,0.39264352739075326,0.2745737234814112
100637,,3,0.3283879669297632,0.29276252436394273,0.3788495087062942
98291,,1,0.3700915733248646,0.33585141175985284,0.2940570149152826
155622,,1,0.3794039461418771,0.2732868748822473,0.34730917897587554
151174,,1,0.3421490250955059,0.33239707794739437,0.32545389695709975
151677,,3,0.30247330609434486,0.26874690711256083,0.4287797867930944
170633,,3,0.3559587572796836,0.2747797941181381,0.3692614486021783
153375,,1,0.3964832765798598,0.2655376735907255,0.3379790498294146
2608,,1,0.36381514373193935,0.30462946916929057,0.33155538709877014
23500,,3,0.32390705330690445,0.3235033683761136,0.3525895783169819
99768,,1,0.3862667322390415,0.27996935953734153,0.333763908223617
5800,,3,0.33092045286552285,0.26694177727504925,0.40213776985942784
158056,,1,0.3584359837357686,0.2893751985684479,0.3521888176957836
152901,,1,0.3653910196130465,0.32679483237840345,0.30781414800855006
62608,,1,0.36833511464892454,0.306898387972977,0.3247664973780984
122693,,1,0.37121047513721445,0.27107166870010085,0.3577178561626847
161586,,1,0.3662613237517478,0.3239129476815782,0.30982572856667406
122739,,1,0.36907562868773575,0.3156541626097844,0.31527020870247985
72697,,1,0.38989190799712875,0.3392857402393606,0.2708223517635107
136222,,1,0.3636655089753499,0.3010762222448772,0.335258268779773
27221,,1,0.3888077721451202,0.2930025102289436,0.31818971762593623
137126,,1,0.36324397730190816,0.28008354186663026,0.3566724808314617
106328,,3,0.3406324333462071,0.31638020921159493,0.34298735744219794
175029,,1,0.41109506345879543,0.2952663142316002,0.2936386223096043
149235,,1,0.3778701011489081,0.3748700759870908,0.24725982286400103
52370,,1,0.4108594745257704,0.36162521264316533,0.22751531283106424
102108,,1,0.3914750923238647,0.27601898347282605,0.3325059242033092
113968,,1,0.3867463139318397,0.267361839218486,0.3458918468496743
45986,,1,0.39868638355445174,0.2816452476494479,0.31966836879610033
109192,,1,0.3772941978942633,0.2796493017282107,0.3430565003775261
48645,,1,0.3845618308231675,0.27462997655385685,0.3408081926229757
103036,,1,0.3780909190806761,0.27980250203596674,0.3421065788833572
46222,,1,0.418296305362588,0.2948316287984546,0.28687206583895747
66768,,1,0.3541171135786118,0.3336064113562912,0.31227647506509687
153385,,1,0.39658224982168033,0.3156737449044172,0.2877440052739024
109553,,3,0.34830167982091964,0.2421153071486696,0.40958301303041084
70540,,1,0.3582344728218033,0.3278034848534445,0.31396204232475217
17092,,1,0.38418845528344797,0.28811219978369906,0.327699344932853
97318,,1,0.3955520232941812,0.3225209170521664,0.2819270596536524
25069,,1,0.41430064054618315,0.3005134967213749,0.28518586273244195
61116,,1,0.37876077616863163,0.2907411459596586,0.33049807787170976
140033,,1,0.4198280429636344,0.2543720024270103,0.32579995460935524
133996,,1,0.3851326515684874,0.31568557273056735,0.2991817757009453
3008,,1,0.3606160874388994,0.2947077954904103,0.3446761170706902
112722,,1,0.38468759606397396,0.35329425955709415,0.2620181443789319
15593,,1,0.42006796862841894,0.263401262963416,0.3165307684081651
66775,,2,0.3407656990550614,0.35206938999240006,0.3071649109525385
11707,,1,0.4111764065743048,0.3124049392303053,0.27641865419538986
107098,,1,0.392931387068009,0.28254044346526763,0.3245281694667234
127194,,1,0.42244147625044354,0.2807893848816683,0.29676913886788814
37237,,1,0.4262967418426644,0.2452899693012914,0.3284132888560442
46576,,1,0.3640239693637133,0.33367089536863254,0.3023051352676543
80654,,1,0.37562414522031284,0.2771657111111737,0.3472101436685134
103840,,3,0.35673128806337234,0.28457848950718323,0.35869022242944437
107899,,1,0.3784455258945771,0.29196574541925713,0.32958872868616573
159707,,1,0.3855621862006504,0.29919306305495375,0.3152447507443959
58372,,1,0.36751650937305114,0.29404626015031127,0.33843723047663754
168853,,1,0.3367725013742965,0.33254074186562477,0.33068675676007875
105706,,1,0.3893095871965809,0.2926142501201908,0.31807616268322825
15752,,1,0.40239461545476446,0.2746956163329216,0.32290976821231404
107735,,1,0.36429509912193614,0.27456248592493876,0.361142414953125
176549,,1,0.3578599348185991,0.30200855813084476,0.3401315070505563
114207,,1,0.4102170676823458,0.27161235539279627,0.318170576924858
148005,,1,0.3811406542146365,0.3185090571166213,0.3003502886687421
29620,,1,0.3595777823417178,0.29436584175825664,0.3460563759000256
111804,,1,0.405706778003775,0.3027795916692675,0.29151363032695743
13917,,1,0.3789583306231855,0.27412991042527807,0.34691175895153636
59948,,1,0.376627900007434,0.29746660896640875,0.32590549102615723
169572,,1,0.3636048805118129,0.29704976883222917,0.33934535065595794
85464,,3,0.3374567718561005,0.3222295065424726,0.34031372160142687
126953,,1,0.40076761173104397,0.33329663520292013,0.26593575306603584
47902,,1,0.34365647888780215,0.31436676271160546,0.3419767584005924
52232,,2,0.33053566929000433,0.4255463579731491,0.24391797273684646
50315,,1,0.410885670217123,0.28146104199392286,0.3076532877889542
149383,,3,0.3316621344939047,0.31428575088130534,0.35405211462479
56107,,1,0.36429899208923566,0.2857025891888295,0.3499984187219348
4862,,1,0.36919534248656016,0.29768048495616917,0.3331241725572707
59783,,2,0.307552832342324,0.35192730697795566,0.34051986067972034
71673,,1,0.40161130089648583,0.25472734060585356,0.3436613584976606
142224,,1,0.4244978271804102,0.284451208967206,0.291050963852384
156037,,1,0.37077087913480977,0.2863877055762652,0.3428414152889251
109197,,1,0.40348565432452155,0.28708559547588924,0.30942875019958915
70326,,1,0.4138331824040733,0.23766730953317694,0.34849950806274976
35899,,1,0.3556167923164918,0.305376202635809,0.3390070050476992
58085,,1,0.3772986543840989,0.2774478305833879,0.34525351503251317
156327,,1,0.380840477192481,0.2537843899114187,0.36537513289610024
113012,,1,0.4010486405469713,0.2903920239944955,0.30855933545853326
106457,,1,0.3899544845163872,0.26047928142864474,0.349566234054968
148433,,1,0.3760318107952999,0.35023686850590546,0.2737313206987947
51222,,1,0.36241730016556084,0.2949521815348863,0.34263051829955293
154767,,1,0.4045375381933302,0.28407077612431225,0.31139168568235753
106354,,1,0.3947099999160544,0.27943652997347546,0.3258534701104701
112663,,1,0.4053634381853857,0.33662511178707966,0.2580114500275346
64887,,1,0.40179579901517537,0.28733635211190606,0.3108678488729186
38432,,1,0.3568419046354654,0.31817528864418954,0.3249828067203451
135346,,1,0.3877541528631456,0.35287875684021497,0.2593670902966395
104687,,3,0.36696053116330396,0.24229295696302625,0.3907465118736698
27274,,1,0.39357848188065125,0.27996511827282766,0.3264563998465212
27784,,1,0.39542087084666033,0.29614595738262744,0.3084331717707123
56533,,1,0.3919535699806715,0.2816035205051181,0.32644290951421034
117400,,1,0.40248506073677687,0.2879982434287076,0.30951669583451563
61255,,1,0.3785694499200485,0.2668521668339929,0.35457838324595864
25493,,1,0.34537603841069797,0.33320533338854447,0.3214186282007575
3005,,1,0.3488165056713172,0.3042800664210151,0.34690342790766776
153327,,1,0.3768236561461658,0.2839864037473522,0.339189940106482
96413,,3,0.34928966220191837,0.268333051266779,0.38237728653130265
102563,,1,0.38055979504995097,0.27733691042023667,0.3421032945298124
55837,,3,0.3631496459395395,0.24159732867063563,0.3952530253898248
106429,,1,0.3825942351288536,0.29265305291953186,0.3247527119516144
1389,,3,0.3339501367680828,0.30784329643743796,0.3582065667944792
34734,,3,0.3317528094677818,0.26754319326373754,0.40070399726848066
23501,,1,0.37034112837183436,0.3032064673451494,0.3264524042830162
26056,,1,0.3829328110737824,0.28250933019501223,0.3345578587312054
137759,,1,0.42852712977813134,0.2521889312528804,0.3192839389689882
108274,,1,0.3633211062809555,0.2919820055247404,0.3446968881943041
102235,,1,0.41419716013716795,0.3420978887746332,0.2437049510881989
118303,,1,0.3876918959474253,0.30659433342212616,0.3057137706304486
174534,,3,0.34641999367468584,0.28131012026919483,0.37226988605611927
102352,,1,0.38680590558818745,0.2854293119331179,0.3277647824786946
96940,,3,0.36659656156954534,0.2584727127291688,0.3749307257012859
78156,,1,0.4062728078848614,0.2821645350279981,0.3115626570871404
48538,,1,0.4073173743703562,0.2813634017827994,0.3113192238468445
99731,,1,0.3420775536613374,0.3392801692535444,0.3186422770851183
86254,,1,0.36304574756070707,0.3011152669506927,0.33583898548860036
20272,,3,0.31839391060330885,0.2883871234860112,0.3932189659106799
67894,,1,0.38716311242349033,0.2891387049682166,0.323698182608293
78025,,1,0.3990323927931956,0.2721841809448961,0.3287834262619083
142181,,1,0.4044616340254248,0.27672629541876664,0.31881207055580857
15680,,1,0.41476152889127316,0.275647639224518,0.3095908318842087
168414,,2,0.33280413954868016,0.3623861841265075,0.30480967632481226
137662,,1,0.35348582494030784,0.2978262552992069,0.34868791976048524
105231,,1,0.39312223601446455,0.26494466922586013,0.3419330947596753
133949,,1,0.38066813720235537,0.30967713938873875,0.30965472340890593
62346,,1,0.38817425306878767,0.28955637039002946,0.3222693765411829
88102,,1,0.37796324685547117,0.297409205715515,0.3246275474290138
55279,,1,0.35976885950656506,0.2866801283548967,0.3535510121385383
64731,,1,0.3469327100771591,0.34605046405837936,0.3070168258644615
110859,,1,0.4091259826274921,0.2873215933798158,0.30355242399269206
25344,,1,0.388579254296945,0.29818652837509885,0.31323421732795614
154200,,1,0.3814964188317064,0.3089499512585348,0.3095536299097589
133496,,2,0.335268829626457,0.35588111647867104,0.3088500538948719
115443,,1,0.39615991610955464,0.3250148003798533,0.278825283510592
188743,,1,0.3576874210100991,0.30354351136340185,0.3387690676264991
65154,,1,0.3787056177124126,0.303366285574528,0.3179280967130593
60345,,1,0.39281777507134213,0.22785271904412124,0.3793295058845366
127328,,1,0.38330363118365496,0.2933136810984822,0.32338268771786277
110352,,1,0.3617497872189059,0.2833640216284749,0.3548861911526192
135885,,3,0.3608096477536638,0.27083521241669367,0.3683551398296426
122244,,1,0.3768545339358303,0.275460105755764,0.34768536030840563
137925,,3,0.3254258105946193,0.31217819597817514,0.36239599342720563
96067,,1,0.37923545766300326,0.3421133910850477,0.2786511512519491
57013,,3,0.334895458303352,0.2854692726914561,0.3796352690051919
57684,,3,0.3391502656048333,0.28796195077493913,0.3728877836202275
138321,,1,0.3778960281723306,0.28009000663061856,0.3420139651970509
124150,,3,0.32364572677667447,0.32897121318808203,0.34738306003524344
158851,,1,0.4056563715543112,0.26955408325952096,0.32478954518616776
153231,,1,0.36456023234659074,0.28919976743159037,0.34624000022181894
53057,,1,0.4029075472784213,0.27094013989831695,0.32615231282326174
116329,,1,0.38382543261465857,0.30991491609998034,0.3062596512853611
126400,,1,0.391510895936259,0.27187333778151884,0.33661576628222206
75418,,3,0.33394945239391166,0.2679365292183821,0.3981140183877063
145501,,1,0.4015042516359322,0.2710863489566354,0.3274093994074325
155915,,1,0.3715088130082242,0.3012359520286142,0.3272552349631617
69501,,1,0.4135116092863825,0.2736180713446427,0.31287031936897486
60839,,1,0.3821972494572636,0.28187602568379694,0.33592672485893943
131253,,3,0.3386636146762391,0.29963436198009846,0.36170202334366247
64980,,1,0.3882796154870894,0.33421557694266535,0.27750480757024526
4636,,1,0.40400626271948287,0.27311360379868516,0.322880133481832
138355,,1,0.3986542360663114,0.283996413765578,0.3173493501681107
135104,,1,0.37620592223245086,0.28949449247937725,0.334299585288172
130229,,1,0.380050678333272,0.31959000803969995,0.300359313627028
96327,,3,0.2465699519991679,0.27029407781546927,0.4831359701853628
175968,,3,0.3193988437774407,0.2801265485845777,0.4004746076379816
160285,,3,0.3523512890987029,0.2832047503582653,0.3644439605430318
140136,,1,0.3938742817593372,0.29302943875944965,0.31309627948121316
67883,,1,0.3807333063903737,0.30058064733257445,0.31868604627705177
29150,,1,0.43939247507954293,0.2842444438828979,0.27636308103755924
24232,,1,0.38981663027449365,0.2737865287874451,0.3363968409380614
15708,,1,0.3924526988573724,0.2781028315302994,0.3294444696123282
46852,,1,0.36844807616656056,0.35972359363240597,0.2718283302010334
56670,,3,0.2757031950006454,0.2821236259845414,0.44217317901481323
45308,,1,0.37035398297198585,0.311445664960689,0.3182003520673253
29143,,1,0.4135225769549373,0.2804776541711244,0.3059997688739383
138643,,3,0.36209540196262013,0.27507717807784576,0.36282741995953416
125450,,3,0.34323379682345784,0.25562463206999675,0.4011415711065454
56433,,1,0.39390273501682743,0.29223357848355835,0.3138636864996142
102042,,1,0.402018364365505,0.2996757644541011,0.298305871180394
121368,,1,0.3642422906400167,0.34166177698930944,0.2940959323706738
94242,,1,0.3799378592762686,0.3259164456100331,0.2941456951136983
45648,,1,0.3587922699179934,0.2966473033497405,0.3445604267322661
136996,,1,0.4090903580449153,0.26894621232400096,0.32196342963108376
122841,,1,0.4124068398058819,0.29148931440338915,0.29610384579072896
100192,,1,0.3885273011601491,0.30404531526168166,0.30742738357816934
67132,,1,0.417758551472975,0.32882794771656493,0.25341350081046
53577,,3,0.33517756155545125,0.2610106210884896,0.4038118173560591
38470,,1,0.4035330699040135,0.2513858816361228,0.3450810484598637
20380,,3,0.36041273736788454,0.2646045400304817,0.3749827226016337
96414,,3,0.32443728635064045,0.26238312397639396,0.41317958967296553
88197,,1,0.39002873300895297,0.3050689239942273,0.3049023429968198
154257,,1,0.37141796756841494,0.3030017860100542,0.325580246421531
75836,,1,0.42996818749652976,0.28862247099632365,0.28140934150714647
108976,,3,0.349130329529981,0.2823509940023207,0.3685186764676982
133083,,1,0.3593380874279137,0.3104723121694638,0.3301896004026226
136691,,1,0.37170075206111597,0.2761737429718595,0.3521255049670246
136341,,1,0.36769618461583325,0.26727900368039526,0.36502481170377143
131237,,1,0.3664125985207737,0.307215953515145,0.3263714479640813
145140,,1,0.3716577969575569,0.3335389636243846,0.2948032394180585
104577,,3,0.36108291524459335,0.26662312499917074,0.3722939597562359
113059,,1,0.41321060828384215,0.31267089918545626,0.2741184925307017
42159,,1,0.3754258720141586,0.3460439463122406,0.2785301816736008
27212,,1,0.3901253309512134,0.2592611809516774,0.35061348809710935
170092,,1,0.4327793115070686,0.276800268622805,0.29042041987012646
48017,,1,0.4286479510125845,0.2817402478769499,0.28961180111046564
117210,,3,0.333403920872502,0.3169720012049926,0.3496240779225054
122818,,1,0.38921057905833717,0.28559222584988764,0.3251971950917752
65216,,1,0.3797733480434422,0.2926379397552095,0.3275887122013483
153126,,3,0.3471017136840957,0.29355326895581957,0.3593450173600847
116491,,3,0.3739641345893077,0.23444550402144446,0.39159036138924785
155686,,1,0.3943559019343527,0.27796266369377043,0.3276814343718768
125350,,3,0.33712622432469375,0.2933714654675993,0.369502310207707
126241,,1,0.3756072158198748,0.3398867614963389,0.2845060226837862
122463,,3,0.3496507349824149,0.2846545323629694,0.36569473265461566
171339,,1,0.37327990261084276,0.2623647728491751,0.3643553245399821
113972,,3,0.33795145976355684,0.2723584463505854,0.3896900938858577
101525,,1,0.3748567388273327,0.2874616232028273,0.3376816379698401
96991,,3,0.31131993188763574,0.28290001514822394,0.40578005296414027
119974,,1,0.347037196723275,0.3130435760944676,0.3399192271822574
151029,,3,0.30330976685771405,0.3444455964650896,0.35224463667719635
41555,,3,0.2919618798576099,0.34818427572344296,0.3598538444189472
106594,,1,0.41300072889002587,0.3106747169793612,0.27632455413061285
103542,,1,0.39434422796373997,0.3036530522834454,0.30200271975281456
129405,,2,0.3388310027608697,0.33973131061750367,0.32143768662162653
152834,,1,0.3627744818133862,0.3325691521120589,0.30465636607455493
35941,,1,0.39919763407854275,0.29157855181803166,0.30922381410342564
38542,,1,0.39748690583946283,0.2536935114679383,0.34881958269259883
122426,,1,0.39147149962075317,0.24656257023394693,0.3619659301452999
166575,,1,0.4155259511805174,0.2671549094042439,0.31731913941523865
85132,,1,0.4027408009796671,0.28749927164185063,0.30975992737848235
134063,,1,0.3752916286701061,0.28658464302100656,0.3381237283088873
122871,,1,0.3827592593663509,0.2851977264943301,0.332043014139319
60327,,1,0.382992052342601,0.23598409635211468,0.3810238513052843
27244,,1,0.3573628101171479,0.30122267314932155,0.34141451673353057
15891,,1,0.3822626846865916,0.2589984164511896,0.35873889886221877
173598,,1,0.36819357043308004,0.2904083232969823,0.34139810626993766
173396,,3,0.2875532140589245,0.3166472842364043,0.39579950170467126
77107,,1,0.3719657387487221,0.27121792317057175,0.3568163380807062
111067,,1,0.37528958881034985,0.3114197891660223,0.3132906220236279
55860,,1,0.40158572873170634,0.22491296105254274,0.37350131021575095
48136,,2,0.3355571621402789,0.3700690360803237,0.2943738017793973
172582,,1,0.3745950160984625,0.28867427729796985,0.3367307066035676
107643,,3,0.3443938576571703,0.27359258617818416,0.3820135561646456
95398,,1,0.38439201870844486,0.2954615473372255,0.3201464339543297
113834,,1,0.38924982204353614,0.2990344101339473,0.3117157678225165
61101,,1,0.38387867139769616,0.3133968935576311,0.3027244350446728
107853,,3,0.3469165478181068,0.2631396664785737,0.38994378570331956
149870,,1,0.3856829772022408,0.3021751009814454,0.31214192181631384
186835,,1,0.4250641153307082,0.2833077874481246,0.29162809722116717
39562,,1,0.4040110470466204,0.28867973691131105,0.30730921604206857
4203,,1,0.36833685021933554,0.27855061126538644,0.35311253851527796
168056,,1,0.409100273875455,0.28349983406774376,0.3073998920568013
173445,,2,0.33321664436219234,0.3758737656115411,0.29090959002626654
74020,,1,0.36579646510505914,0.32124866672267915,0.31295486817226165
175513,,1,0.3619114040282064,0.3188793957780699,0.3192092001937237
135051,,1,0.3920585394380398,0.2911515883963551,0.31678987216560517
173584,,1,0.3693770753149793,0.29991935895992416,0.33070356572509657
175137,,3,0.30610586554576247,0.3003994224912767,0.3934947119629609
182850,,1,0.39517103390824293,0.27312464154776406,0.33170432454399307
19477,,3,0.32903546376173337,0.2901400545097253,0.38082448172854133
122172,,1,0.3657006532877529,0.3235825515255497,0.3107167951866974
163984,,1,0.3968454526082201,0.2750885843435321,0.3280659630482478
155671,,3,0.3542923910305289,0.28796437097023636,0.3577432379992347
155887,,3,0.3270711540795439,0.3167281017965583,0.35620074412389774
149822,,1,0.3830838313499352,0.33135551590387696,0.28556065274618775
25099,,2,0.3582922523265433,0.3678453566400291,0.2738623910334276
110402,,1,0.3768875033382222,0.29645356300239356,0.3266589336593842
54421,,1,0.35256503395251715,0.30456422886169954,0.34287073718578326
132959,,3,0.35042599348364306,0.2922697550112175,0.3573042515051395
167210,,3,0.3366785669726497,0.2811697992884767,0.3821516337388737
174817,,3,0.3531328727046567,0.2894635941796002,0.357403533115743
17253,,1,0.4447466930255837,0.2642661570503862,0.2909871499240302
57081,,1,0.40408904226572356,0.2973168632901696,0.2985940944441069
148840,,1,0.3787228496422659,0.3028904762719528,0.31838667408578136
90328,,3,0.3278213161031277,0.3213382660123146,0.3508404178845577
135547,,2,0.3529966678014242,0.36293087398704726,0.28407245821152843
86267,,1,0.4426859097121596,0.29167294931037435,0.265641140977466
115956,,2,0.341610018442285,0.35916079905838044,0.29922918249933445
62165,,1,0.38972406242399754,0.2843700631489999,0.3259058744270027
121783,,1,0.38605603254872656,0.2901588823953578,0.3237850850559155
186684,,1,0.3847151730800408,0.2817860038181451,0.33349882310181406
23945,,1,0.3863954268157041,0.3124089246089188,0.30119564857537706
110484,,3,0.34042753003514764,0.2767090190196353,0.3828634509452171
92675,,3,0.33955991452171724,0.2827834038134143,0.3776566816648684
30240,,1,0.36138080458937555,0.298092967135886,0.34052622827473833
174871,,2,0.3390089215312346,0.35584948721203014,0.30514159125673523
24054,,1,0.3516377102319932,0.3245247744474574,0.3238375153205493
73353,,1,0.37308530241891547,0.2886193094782041,0.33829538810288057
96251,,1,0.4043343778756296,0.25040800461736645,0.3452576175070039
130775,,1,0.37602571727856415,0.2835485477498897,0.34042573497154616
102152,,2,0.34813563332750186,0.3502957522230113,0.30156861444948685
26117,,1,0.3669356901904805,0.28716993238546695,0.34589437742405255
28062,,1,0.3956313069673307,0.2832081066671389,0.3211605863655304
56970,,1,0.4107321207614321,0.25161660807593916,0.33765127116262866
173406,,3,0.3390187426997603,0.28848569452734785,0.3724955627728919
116869,,3,0.3293490994647223,0.3216691704639031,0.3489817300713747
32506,,1,0.3802151600192988,0.3177185750371474,0.3020662649435539
138141,,1,0.37047698971867504,0.28506097954524096,0.34446203073608395
95038,,1,0.36184846547761923,0.3170533943951434,0.3210981401272374
168293,,1,0.36283724495854053,0.29167000592566816,0.3454927491157913
51189,,1,0.3830958940009765,0.29140190459619564,0.32550220140282776
4756,,3,0.3494839604782223,0.27549019870347835,0.37502584081829937
37981,,1,0.40513514198077905,0.27353086701801366,0.3213339910012074
52960,,1,0.38409698894575733,0.28755062149545063,0.3283523895587921
134418,,1,0.3885514373106131,0.3082662054548285,0.3031823572345584
153398,,1,0.39049090465742525,0.2822306977027392,0.32727839763983557
141024,,3,0.3461139733704168,0.26558342181510886,0.3883026048144743
