idmatch,result_finish_match,result_finish_match_prediction,proba_win_1,proba_draw,proba_win_2
47765,,1,0.39757382080284526,0.3295859418577992,0.2728402373393555
15848,,1,0.38737000678987243,0.2689577695950322,0.3436722236150954
102453,,2,0.31663765381689163,0.3454390044056731,0.3379233417774354
123683,,1,0.3641791543620546,0.30901890227462814,0.32680194336331714
27475,,1,0.38520252576706215,0.2639816549043358,0.35081581932860206
58689,,3,0.33112101542352,0.2726823740514227,0.3961966105250572
11765,,2,0.31173519144758854,0.3996801299456439,0.2885846786067675
111668,,2,0.30579782916341264,0.36556751033685486,0.3286346604997326
15224,,3,0.28171153956205724,0.22412549846859298,0.4941629619693499
135836,,3,0.33373957143545563,0.29388082013949446,0.3723796084250499
60303,,2,0.3636379309973199,0.38355020256789657,0.2528118664347836
152240,,3,0.3478770458767779,0.30183057859338386,0.35029237552983816
59023,,1,0.3831914098020202,0.2997685747821192,0.31704001541586047
66450,,1,0.3913290547158457,0.29280199544141383,0.31586894984274033
42103,,2,0.3227606748264174,0.3973115221682883,0.2799278030052943
111760,,1,0.38041436958766506,0.3761900235516927,0.24339560686064232
112089,,1,0.3871717525773526,0.2948742798052953,0.31795396761735206
64780,,1,0.36989264793421434,0.30482442641164775,0.32528292565413797
38200,,1,0.4167443443491319,0.3104551328082278,0.27280052284264034
103697,,1,0.3543154138854221,0.3084851215815899,0.33719946453298805
30126,,1,0.3936754649583165,0.3327555329254304,0.273569002116253
96579,,2,0.3427611965770647,0.357913218977632,0.2993255844453032
24772,,3,0.305515761444137,0.2801277562638487,0.41435648229201416
98197,,3,0.24931485687822874,0.36378287949021487,0.38690226363155633
48514,,1,0.40620422790111055,0.2742195946392215,0.31957617745966804
62107,,3,0.30474699237136654,0.28821263514085155,0.40704037248778197
106796,,3,0.2888116732744762,0.3247067580498667,0.38648156867565703
167262,,1,0.3505461910848954,0.31715579246178416,0.33229801645332047
108846,,1,0.3821585573325921,0.31985521484875507,0.2979862278186528
75447,,3,0.34834949208796073,0.25438678314742175,0.39726372476461763
171929,,2,0.33075239995165506,0.36635992500646963,0.3028876750418753
65259,,1,0.36071332165889997,0.31942690753165126,0.31985977080944883
46763,,2,0.28620346095837584,0.3847607758057266,0.32903576323589745
106528,,3,0.3364139895899939,0.2744071199598902,0.38917889045011594
173504,,1,0.3627292810403221,0.2955980945763027,0.3416726243833751
64680,,3,0.26368836056740486,0.28149251959622906,0.454819119836366
108119,,1,0.37979618251273606,0.27827730464996836,0.34192651283729547
67863,,1,0.3652470844673696,0.2825879432878093,0.3521649722448212
173911,,2,0.33453446600463294,0.37145125506904336,0.29401427892632365
124621,,3,0.3471921901560743,0.27285968979491454,0.37994812004901113
102768,,3,0.34240104018907586,0.2806473025546883,0.3769516572562359
104914,,3,0.3002451884577976,0.33960432796304374,0.36015048357915863
135193,,3,0.3122860793071363,0.32951585166949005,0.3581980690233737
85106,,3,0.3440186153053184,0.30247534624253086,0.3535060384521507
75264,,1,0.3913723362507517,0.33242027048005246,0.2762073932691958
36932,,3,0.3225029441251378,0.30238893514442855,0.3751081207304337
150681,,1,0.3771234233350861,0.29916773426600424,0.3237088423989096
133082,,1,0.43890303205713627,0.30113148737442874,0.2599654805684349
120644,,1,0.3964063867253139,0.3167073583336826,0.2868862549410035
125002,,1,0.3759488940874801,0.264359658018052,0.35969144789446783
55208,,1,0.3725056188111675,0.3092774529546391,0.3182169282341934
151826,,1,0.368956323567208,0.29844911506661204,0.3325945613661801
96230,,1,0.3492613355067179,0.314486248007298,0.33625241648598403
57628,,3,0.3084496904574339,0.2811995577804435,0.41035075176212255
69095,,1,0.3641446260022187,0.31249967666614775,0.3233556973316335
42277,,2,0.3223825304677828,0.3469646952612269,0.33065277427099027
99362,,1,0.37647873581956764,0.33729861860236615,0.28622264557806626
96019,,1,0.38536362402873836,0.33658787197435425,0.27804850399690745
25320,,3,0.23854624721181014,0.2999216159871585,0.4615321368010313
181100,,1,0.38460084547665163,0.3320365936590963,0.2833625608642522
5934,,3,0.35334684199686944,0.27919941104746654,0.36745374695566396
158840,,1,0.4365429574966568,0.3005087694334977,0.26294827306984553
132070,,1,0.354555286330118,0.3530111337336037,0.2924335799362782
111278,,1,0.3880356980351737,0.2853643665257447,0.3265999354390817
106741,,1,0.38575096622362853,0.33072538407534147,0.28352364970103
118160,,1,0.3994005040098464,0.3494628177920936,0.25113667819805996
97520,,3,0.3679404329576408,0.2461775397679698,0.38588202727438947
67937,,1,0.365050812187501,0.3046835235935686,0.33026566421893044
151026,,2,0.33561340133458745,0.34600271181835357,0.318383886847059
134154,,1,0.37932988024003683,0.33446409442368724,0.2862060253362759
134670,,3,0.3216178069501926,0.2873012401728554,0.39108095287695205
64977,,1,0.37921574983951023,0.31677021370852504,0.3040140364519647
105087,,1,0.34761002947641295,0.30524842313135997,0.34714154739222713
153193,,3,0.3264816308134196,0.31387757417182127,0.35964079501475926
111205,,1,0.3546069240115783,0.30650883755007735,0.33888423843834437
110079,,1,0.3840244574720401,0.26463766592539123,0.3513378766025687
94560,,3,0.33371669263335874,0.30123503429721177,0.36504827306942955
64699,,3,0.30129228347137427,0.28539142400085604,0.4133162925277696
59900,,3,0.2988157101712333,0.320663706864577,0.3805205829641896
116420,,1,0.38714331602904994,0.28359958344170727,0.3292571005292429
25611,,1,0.34330432461163024,0.3362270475468083,0.3204686278415613
175154,,1,0.4026129397374031,0.3610912416684655,0.2362958185941314
60227,,1,0.3843714597717505,0.3156008691993132,0.30002767102893624
59848,,3,0.28862969948707673,0.32824130798837703,0.3831289925245462
55198,,3,0.3190646280070857,0.28374762058966113,0.3971877514032532
145669,,3,0.35676848264562894,0.2777580128893292,0.36547350446504195
29716,,1,0.3503705655202458,0.3073092462304167,0.34232018824933746
99041,,1,0.3554814741539616,0.33810104844697225,0.30641747739906616
17050,,2,0.2722754154878634,0.36941002846352067,0.35831455604861595
88385,,3,0.31270638072359214,0.2885230771406278,0.39877054213578006
168879,,1,0.37029838559854783,0.30856865898689345,0.3211329554145588
55140,,1,0.3449245996340913,0.3231143060278494,0.3319610943380593
150931,,1,0.3482211529841295,0.3120659172627752,0.3397129297530954
151451,,2,0.35535321901294514,0.3618546990596504,0.2827920819274045
71997,,3,0.28342829953527426,0.3183336638339237,0.39823803663080204
107715,,1,0.3783338354459022,0.2441948988713542,0.3774712656827436
152859,,1,0.3972694095981668,0.31641243052045365,0.2863181598813794
93988,,3,0.3223178931247652,0.2824926959406445,0.39518941093459026
124054,,1,0.36979945540331854,0.2786689886900574,0.35153155590662405
110108,,1,0.34565652424244814,0.32075696889721506,0.33358650686033675
101087,,1,0.39790377548573197,0.27833165122036485,0.32376457329390324
60037,,1,0.41329462362607006,0.3262126840048457,0.26049269236908407
136412,,1,0.3657808659593013,0.2984966349076782,0.3357224991330205
172660,,1,0.3634000818964384,0.2809763193518879,0.3556235987516737
70662,,3,0.3382922677407464,0.32175825451882134,0.3399494777404323
108867,,3,0.32460137441954373,0.31423075121077004,0.3611678743696863
148899,,1,0.34869707722616083,0.31260628502827115,0.3386966377455681
48197,,1,0.39567192680286367,0.28206028779239023,0.3222677854047461
105254,,2,0.33211732946505357,0.3693692959056697,0.2985133746292767
27267,,2,0.29937982221071185,0.3992162841480078,0.3014038936412804
66168,,3,0.3406795101600424,0.30136614394997274,0.35795434588998487
95091,,3,0.271120524109704,0.3266259444458771,0.40225353144441883
134554,,1,0.3557050330214025,0.3061092112654062,0.33818575571319126
116078,,1,0.35248097509750764,0.32501419429074085,0.32250483061175156
48144,,1,0.4016546586902977,0.29677422329439024,0.30157111801531206
37820,,1,0.3974867079030514,0.28821571606716695,0.3142975760297816
37832,,1,0.37167788758239995,0.33047865699650647,0.29784345542109353
136018,,1,0.35964415938452093,0.33363947786975995,0.3067163627457191
149746,,2,0.24339031369628722,0.39587822452352084,0.36073146178019183
102607,,2,0.31647551107290134,0.348389068002031,0.33513542092506765
151376,,1,0.35844679264338986,0.32755876454308763,0.31399444281352246
101465,,3,0.2809839849619393,0.286040899037819,0.4329751160002417
69564,,1,0.4105785628686774,0.30630707466137796,0.2831143624699447
101721,,1,0.37740079393176285,0.30110889857271617,0.32149030749552093
70525,,1,0.3565236686505357,0.34728463967542234,0.29619169167404197
123745,,3,0.3127805250310837,0.2776252428333703,0.4095942321355459
150940,,1,0.3873773343528571,0.30154848931604683,0.31107417633109596
148817,,3,0.2689342917903828,0.35366216630568575,0.3774035419039314
42100,,1,0.3556199005323596,0.3048143896557272,0.3395657098119132
71838,,1,0.4188765242810786,0.27023139012957076,0.31089208558935066
34662,,1,0.3483678561435018,0.31878134792237534,0.3328507959341227
91074,,1,0.3480706496263417,0.33952984337009035,0.312399507003568
133191,,1,0.3499142274245277,0.3061569175260267,0.3439288550494456
129500,,2,0.3183453922513531,0.37553315509849,0.30612145265015694
153601,,1,0.3937154098447965,0.3319132038316822,0.27437138632352137
20218,,3,0.33788431757243537,0.294500161276233,0.36761552115133167
25798,,1,0.3445930366522316,0.3316250725994945,0.323781890748274
71494,,1,0.3763790731603818,0.3427752723424872,0.28084565449713095
98100,,1,0.386813154259939,0.3068043627149448,0.30638248302511617
85093,,1,0.35389445903935113,0.34040418130494865,0.30570135965570017
185580,,1,0.36916412322450587,0.30811316427619145,0.3227227124993027
108415,,3,0.3606207806738827,0.26486789652915144,0.37451132279696575
69585,,1,0.3834963112964652,0.2788342112216811,0.33766947748185366
125565,,1,0.40275275276975797,0.27570211817077883,0.32154512905946336
70602,,1,0.3642761110399547,0.31079771171919024,0.32492617724085504
124246,,1,0.3792284169514829,0.3121644931814204,0.3086070898670966
45782,,1,0.39124875687726696,0.33016547989361084,0.27858576322912226
134393,,3,0.3092010027986516,0.3359988319068773,0.3548001652944711
97398,,1,0.3578185182410949,0.30149118925862445,0.3406902925002807
144433,,1,0.3744842274673943,0.32942611298633834,0.2960896595462674
98440,,1,0.3761836038756022,0.3393808454800397,0.2844355506443581
19118,,1,0.398656572706463,0.27764081219322684,0.3237026151003102
29715,,3,0.3259525383638756,0.2831505394341094,0.390896922202015
97563,,3,0.33242624843362484,0.32530662616565476,0.34226712540072035
70664,,2,0.3358112482528001,0.34132186255847774,0.3228668891887221
108748,,1,0.37929822873329005,0.36591838229172746,0.2547833889749826
134257,,1,0.34653952091136253,0.3313920319569966,0.3220684471316409
32773,,1,0.36816583718950757,0.34827956678326927,0.28355459602722316
20154,,1,0.3412640721307418,0.3240917088652763,0.33464421900398195
15786,,1,0.3774687578079398,0.3040938176629186,0.3184374245291415
172454,,2,0.3460111980671498,0.3487141861890169,0.3052746157438333
133471,,1,0.43660807199482854,0.2918524147550043,0.27153951325016723
110248,,1,0.3617227848242567,0.3193518410930669,0.31892537408267646
30180,,2,0.3168732508632735,0.3427446820305992,0.3403820671061274
46734,,3,0.306245848902889,0.3293940104918108,0.3643601406053003
97622,,3,0.24643056662407914,0.24658662904334058,0.5069828043325803
27371,1.0,1,0.39802870141901353,0.3271891842570938,0.2747821143238926
105869,,1,0.3626927686052373,0.32858586702634457,0.3087213643684182
168078,,2,0.3430379029369705,0.3835597596840417,0.2734023373789877
137300,,1,0.41495468855631207,0.26909521518890356,0.3159500962547843
145778,,1,0.38883951053309473,0.3314468010323336,0.2797136884345717
109653,,1,0.3597833397095411,0.3439671642293578,0.2962494960611011
132021,,2,0.3392563763931862,0.3599370832193387,0.3008065403874751
123165,,3,0.35027879997549866,0.2704309440921306,0.37929025593237076
98194,,3,0.31888300929731767,0.3137188332685177,0.36739815743416465
170578,,2,0.2975467744798803,0.40001581697041155,0.3024374085497081
17047,,3,0.3309982184701411,0.31342088665091594,0.355580894878943
13177,,1,0.34696361420839783,0.33223109192632255,0.3208052938652796
22913,,1,0.37163103268681624,0.29685548740592743,0.3315134799072564
149656,,1,0.3746041960394666,0.26416035723142406,0.36123544672910934
148906,,1,0.38739667980212256,0.297700822746675,0.3149024974512024
57332,,1,0.3548731551709303,0.3225641757465149,0.3225626690825548
117949,,2,0.3535142995728589,0.35742507505385956,0.2890606253732816
130723,,2,0.3235476639194449,0.36304528282022025,0.31340705326033474
106230,,1,0.38672741667483773,0.2825241154523072,0.33074846787285506
104911,,1,0.3629111221785837,0.3240368935705968,0.3130519842508196
66449,,1,0.3841004485446061,0.3390163658754682,0.27688318557992575
160238,,3,0.31487244954523497,0.33445129172408977,0.35067625873067526
43391,,1,0.3912038281625997,0.29611936420784807,0.31267680762955236
149274,,1,0.3596904079523868,0.2830431606226354,0.35726643142497777
108460,,1,0.39138158904326964,0.2975822990981466,0.31103611185858376
101510,,1,0.40627825948549673,0.2857025182994984,0.308019222215005
12771,,3,0.25758459837157793,0.33130002312919643,0.4111153784992257
158154,,2,0.33061879581412595,0.34778948773105584,0.3215917164548181
46683,,2,0.33997808190089673,0.37446649082903605,0.2855554272700672
29077,,1,0.3946812262447478,0.2707147916792335,0.3346039820760187
148871,,3,0.2773935035918899,0.28239981031941586,0.44020668608869423
100271,,1,0.4127101678426464,0.29583533332054807,0.2914544988368055
62184,,3,0.32241860920264304,0.3040815049919782,0.37349988580537863
32597,,3,0.28185901648212464,0.30521190082943556,0.41292908268843986
132835,,1,0.4202194840432741,0.28587165900305894,0.293908856953667
97410,,3,0.3549609550023283,0.26845308344221086,0.37658596155546087
145747,,1,0.36863370779555965,0.31731874254263753,0.31404754966180287
153207,,1,0.37272128815695327,0.26757462340490823,0.35970408843813856
66416,,1,0.3749260393810758,0.2803459571445175,0.34472800347440674
105697,,3,0.32291675291665506,0.3369850751958538,0.34009817188749114
166593,,3,0.35429296559279233,0.27275395801210384,0.37295307639510383
57456,,3,0.288676848481842,0.28320857322793214,0.4281145782902259
78114,,1,0.4114109662224157,0.2798629272069722,0.30872610657061217
108679,,2,0.37569205570709363,0.37776909383201895,0.2465388504608874
118407,,1,0.39812233064231256,0.3077895249739391,0.2940881443837483
107388,,3,0.21828164206368939,0.26442196232742876,0.5172963956088819
25557,,3,0.351937296588171,0.28152395601104724,0.3665387474007817
135103,,1,0.3648089986299527,0.3033879337462686,0.33180306762377865
153378,,1,0.35941644884157475,0.31534264474814494,0.32524090641028025
96539,,1,0.36544197330797384,0.29765691758885043,0.3369011091031756
61081,,1,0.3916208483648897,0.24159673808389434,0.36678241355121594
153567,,1,0.42126204149811064,0.28031532743140614,0.2984226310704831
109219,,1,0.44691667135071717,0.27050597491259837,0.2825773537366846
115196,,2,0.33607502050010196,0.3529725126945695,0.3109524668053285
125514,,3,0.2781922803082822,0.3379860010314568,0.3838217186602609
155420,,1,0.38393302573932203,0.33273913161311075,0.28332784264756716
100696,,2,0.3390166844252075,0.3716388558473946,0.2893444597273979
32871,,3,0.3276942826342142,0.33471907627226277,0.33758664109352304
60455,,1,0.41654519374777205,0.3233395751451784,0.2601152311070496
11778,,1,0.41038815771040627,0.23916969523135115,0.35044214705824256
116680,,1,0.4262304095817034,0.2663061125200973,0.30746347789819933
105198,,1,0.4087779391463394,0.30438905600394106,0.28683300484971963
29984,,1,0.37313569095832433,0.29847833106546456,0.32838597797621116
73766,,3,0.3208128829924411,0.31203737526154307,0.36714974174601583
64849,,1,0.3823274969428745,0.2863167392490327,0.3313557638080928
118363,,1,0.3868132282198007,0.31674311936080446,0.29644365241939485
57308,,1,0.36955786705072274,0.30993249610230766,0.3205096368469696
149226,,1,0.41350590091079703,0.29016761618169334,0.2963264829075096
70350,,2,0.3312706368805298,0.3875677451282942,0.2811616179911758
127821,,2,0.3350237703552101,0.35367844752807737,0.3112977821167126
99021,,1,0.4066947288518347,0.3157585711268173,0.27754670002134807
4316,,1,0.3826778022989873,0.3083286045609972,0.3089935931400155
45955,,3,0.32175121233606435,0.3038352232970354,0.3744135643669003
64745,,2,0.34012237409435997,0.3561565283676178,0.3037210975380223
113607,,1,0.37352818428128104,0.33924505824267215,0.2872267574760469
87667,,1,0.3525683641410958,0.3437461971470533,0.30368543871185083
52484,,2,0.3518524395332094,0.3591408849729484,0.2890066754938422
127227,,1,0.3791212756777381,0.31928292500882455,0.3015957993134372
71475,,1,0.4067939934780833,0.3117200998213604,0.28148590670055645
169190,,3,0.23269323483079005,0.25779323206151,0.5095135331077
133969,,1,0.3616885174826471,0.31646939734347446,0.3218420851738785
98746,,2,0.30901028054884705,0.37335887331514256,0.3176308461360103
135906,,1,0.34755904659964443,0.3198338535368641,0.3326070998634914
109242,,2,0.3426416755397759,0.3630803345371156,0.2942779899231085
58063,,2,0.34418446536003466,0.3473731602655541,0.3084423743744113
175347,,1,0.38761429465555375,0.3131954649092817,0.29919024043516457
66482,,1,0.38459173154202125,0.2947674363221901,0.32064083213578864
95033,,2,0.3263567224747543,0.34808048953753495,0.32556278798771077
60430,,1,0.44049547754041946,0.2550024392261585,0.3045020832334219
156674,,1,0.4077260860587731,0.2862618816127385,0.30601203232848834
132050,,1,0.38893492050119766,0.30276682893299806,0.3082982505658044
99420,,1,0.3856086901107028,0.29815101366964153,0.3162402962196556
96009,,1,0.37116174776161914,0.3160914876486845,0.3127467645896963
105260,,2,0.37356540945113964,0.37871486470263627,0.24771972584622404
13390,,1,0.4122100921985604,0.27732040365500576,0.310469504146434
149456,,1,0.3444489473789751,0.3187118423794014,0.33683921024162344
136943,,3,0.34564347594077366,0.2805205682810905,0.3738359557781358
59045,,1,0.3965128285922367,0.32170913373730653,0.28177803767045667
135311,,1,0.3657862682006772,0.33289949550883274,0.30131423629049015
113707,,1,0.3792353795754607,0.3127745150000436,0.3079901054244957
70533,,1,0.37154827467741863,0.3356802582961418,0.2927714670264396
111851,,1,0.4109435500655441,0.2926046592161356,0.2964517907183203
59922,,2,0.3109362792957621,0.42116728487029786,0.2678964358339401
172089,,1,0.385448096892724,0.2718253754383745,0.3427265276689013
108672,,3,0.2977843424465257,0.3038930266613218,0.39832263089215253
100785,,1,0.34582404995705923,0.31248892506305775,0.34168702497988307
104331,,3,0.3188398127490316,0.32192211820610206,0.35923806904486627
75430,,1,0.3737659300611841,0.2635131641785725,0.3627209057602434
48010,,2,0.3021222311785373,0.3939353462926823,0.3039424225287803
67749,,3,0.3466881709294844,0.3012270494823317,0.3520847795881839
106774,,2,0.35911158629202555,0.37220453744449394,0.26868387626348045
59447,,1,0.39367874861163005,0.2807567822502811,0.3255644691380888
153164,,1,0.3764028254150464,0.3063114946626125,0.3172856799223412
117900,,2,0.37197366917041574,0.37340825240017056,0.2546180784294136
158921,,1,0.3851633922583963,0.34498598131846525,0.26985062642313856
59118,,1,0.4375822833742086,0.3027452119438435,0.25967250468194797
115960,,2,0.32431599364811303,0.40483501987302634,0.2708489864788607
121378,,1,0.33736922310635586,0.3366548707404879,0.32597590615315625
20033,,3,0.35608757772696054,0.2792585737818737,0.36465384849116583
13344,,2,0.30689285779271946,0.4025424376384363,0.2905647045688443
96524,,1,0.3944500445870502,0.30645326793090927,0.29909668748204055
65542,,1,0.40502129884817284,0.2926798862353202,0.3022988149165069
85571,,1,0.38144403707683466,0.29603489333759037,0.3225210695855749
45580,,1,0.44182498076231264,0.2647299386146253,0.29344508062306207
66464,,1,0.38043199317260906,0.3384659366642901,0.2811020701631009
84903,,1,0.3675898614819324,0.3339580878112815,0.29845205070678615
140549,,2,0.33336246586515933,0.3583219411880859,0.30831559294675476
112889,,1,0.3776066493117514,0.30423613854774706,0.31815721214050163
47053,,2,0.34645441148889106,0.4340155031582021,0.21953008535290688
118081,,1,0.4152246038466531,0.33149880786037933,0.25327658829296756
102327,,1,0.3763457779433547,0.3257418638487862,0.2979123582078591
151522,,3,0.3269731394249143,0.30344649439451016,0.3695803661805755
32679,,2,0.2818224765953726,0.38688650474496417,0.33129101865966326
60856,,2,0.33297597758935626,0.3469616636892475,0.3200623587213962
103971,,3,0.36643324843748426,0.26006909237658904,0.37349765918592676
127825,,1,0.4092144063666451,0.32508410934429927,0.26570148428905566
64855,,1,0.4133044339043808,0.31455983825792283,0.2721357278376963
100884,,1,0.3902154715880396,0.301320374377093,0.3084641540348673
102762,,1,0.35281638433549417,0.3029492992715428,0.3442343163929631
103458,,1,0.40816909615704977,0.3279174825337086,0.26391342130924156
82968,,1,0.3571311120472717,0.35128081389871263,0.2915880740540156
60032,,3,0.3352178449285063,0.32766226005458576,0.3371198950169079
149960,,1,0.3838413697080496,0.3311415602837726,0.2850170700081778
122182,,2,0.28785405601427955,0.362319044669295,0.3498268993164254
13175,,1,0.335484955047086,0.33194271866587266,0.3325723262870414
97634,,1,0.42944234906825873,0.31482742246089096,0.25573022847085036
24857,,2,0.33786236758931576,0.3480578350401951,0.3140797973704892
158901,,1,0.4043916998722805,0.310419776077033,0.28518852405068634
106669,,1,0.3678971559245399,0.292290417773272,0.339812426302188
71543,,3,0.31948023637355477,0.316605491456193,0.36391427217025213
69291,,1,0.3506368850484215,0.3083283823261925,0.3410347326253859
15872,,1,0.3753885453451791,0.310659149807715,0.3139523048471058
145787,,1,0.37958795857775907,0.30999346768578595,0.310418573736455
127042,,3,0.33135492224289725,0.31563647642971443,0.3530086013273884
149288,,1,0.3618151626979816,0.32977433626122643,0.30841050104079193
59983,,2,0.3680087607886015,0.37954540364500916,0.2524458355663894
158146,,1,0.36955299663852176,0.3341607068549632,0.2962862965065151
59839,,1,0.38014354322145233,0.262379285688674,0.3574771710898736
110548,,1,0.4122358273742272,0.272835094435563,0.31492907819020993
136287,,1,0.36581495412621706,0.32439660500586054,0.30978844086792234
173517,,2,0.3168693337075498,0.35003552089586215,0.333095145396588
110605,,1,0.38893278925186553,0.26026971534928867,0.3507974953988458
172695,,2,0.3119480209646209,0.4006550449169216,0.28739693411845746
102773,,3,0.3065219443291714,0.27518830243587084,0.4182897532349578
108375,,1,0.35825005258465015,0.3563923234134525,0.2853576240018974
98994,,3,0.23260171917508157,0.3223727249820133,0.4450255558429051
69651,,1,0.3537689690119411,0.31532156624628493,0.3309094647417739
71826,,1,0.3987606741848668,0.29908100455340325,0.30215832126173003
116416,,3,0.3420862188583612,0.2716255425368807,0.386288238604758
70536,,2,0.3141194251487372,0.3660253232027157,0.3198552516485471
46485,,2,0.35804669645410686,0.38042666314669815,0.261526640399195
30221,,1,0.4038256170178676,0.2961472890723627,0.30002709390976956
130268,,1,0.3998300388808325,0.312980610903728,0.2871893502154396
108559,,1,0.38600410748664205,0.27629111585906857,0.3377047766542892
19472,,1,0.3485922263524895,0.3141717927465717,0.3372359809009389
99740,,2,0.3173796161068123,0.3438858860764533,0.33873449781673437
106441,,1,0.392372812619697,0.30567398388176076,0.3019532034985424
72691,,1,0.3714241024321054,0.34982979571842304,0.27874610184947146
97273,,2,0.2868741842828044,0.40321539898234426,0.30991041673485126
46802,,2,0.29753432859837237,0.420421459573035,0.2820442118285927
132055,,3,0.30473759763174674,0.32942343124011086,0.3658389711281424
98096,,2,0.3300671079875516,0.35092170750390517,0.3190111845085432
70825,,3,0.29891306546655727,0.29975708034936016,0.40132985418408257
123269,,3,0.3534273208699099,0.2770252221176587,0.3695474570124314
171480,,3,0.33302511525561856,0.32846243427179056,0.3385124504725908
92197,,1,0.3737508778932026,0.31363142362387936,0.3126176984829181
143412,,3,0.34263438114462064,0.3005426680053339,0.35682295085004545
52448,,2,0.34759897658771544,0.36910473385422643,0.28329628955805813
59417,,1,0.3783803592431204,0.29648595949866463,0.325133681258215
15941,,1,0.3657636753886781,0.3185447892433959,0.31569153536792605
24481,,3,0.3221128590167109,0.29346146024226316,0.38442568074102595
13279,,1,0.3747551571857175,0.32321022047997117,0.30203462233431133
104873,,1,0.386256442302263,0.30986373680905815,0.30387982088867876
56713,,1,0.39392261844214654,0.27749713063071063,0.3285802509271429
69678,,1,0.39645277759305714,0.31588530048562546,0.28766192192131734
19432,,1,0.43471652008299844,0.27977378800639163,0.28550969191061004
137967,,1,0.3775219926514174,0.3018671614642838,0.3206108458842988
155906,,2,0.3515118296596576,0.3761934164479342,0.2722947538924082
106771,,2,0.3598011310133284,0.3608256414097853,0.2793732275768864
66749,,2,0.33798400385885446,0.35640801441171893,0.30560798172942655
168048,,2,0.3160104955449639,0.35355390816263327,0.33043559629240277
20503,,3,0.3169511907402469,0.2755991430780378,0.40744966618171524
101457,,2,0.3509790443198274,0.38999186925217044,0.2590290864280022
106821,,2,0.31230867438869037,0.37344569871306577,0.31424562689824376
107911,,1,0.37225556178840574,0.30620994648945166,0.3215344917221425
147809,,3,0.31812933763897344,0.3269549858845234,0.3549156764765032
133615,,2,0.3570748359494571,0.36203665598321677,0.2808885080673262
57530,,3,0.3267288077464629,0.29771587339361555,0.37555531885992155
17140,,3,0.3201711788726779,0.27706975712676074,0.40275906400056144
100102,,1,0.38207154307433194,0.3187577819175354,0.29917067500813277
46623,,3,0.36380297259559935,0.2700679639533434,0.36612906345105717
150655,,3,0.31244406415799436,0.2780362647676342,0.4095196710743714
134533,,1,0.3587393883353784,0.3125168098702144,0.32874380179440726
131461,,2,0.3129970790191559,0.36512984808930704,0.321873072891537
59027,,1,0.4204780167662008,0.23469085727918057,0.3448311259546188
66680,,1,0.40820993566820335,0.2798035136547476,0.311986550677049
120639,,1,0.3710525288126194,0.3242288753912769,0.30471859579610366
127112,,2,0.3318828140244402,0.3486760111952784,0.3194411747802815
135169,,1,0.35351585496087923,0.31590014011514267,0.33058400492397805
138396,,1,0.3945771656555813,0.2982647544363168,0.3071580799081019
90743,,1,0.3928499749603076,0.32345610825646154,0.2836939167832309
27833,,1,0.38495201847118293,0.33293745749039105,0.2821105240384261
98184,,3,0.2877569707255468,0.33768229117499304,0.3745607380994602
151379,,1,0.3685858865623108,0.3366234285816698,0.2947906848560194
48530,,1,0.37360684661177596,0.35853042417969766,0.26786272920852644
126236,,1,0.3612551293336893,0.2901349650827425,0.34860990558356825
12769,,1,0.4084299590080007,0.26784454349528386,0.32372549749671525
101359,,2,0.33507291234555564,0.3462559159716558,0.31867117168278847
13221,3.0,1,0.38438718914530373,0.3146311827102139,0.3009816281444824
99998,,3,0.36032072725393677,0.266951855670336,0.37272741707572726
101681,,1,0.39514133837105875,0.2935324810051323,0.3113261806238089
35183,,1,0.40306378856619884,0.3066450787280485,0.29029113270575263
74956,,1,0.38914922145076075,0.2845432402425737,0.3263075383066655
24045,,1,0.4023286307507924,0.3475981809134081,0.25007318833579945
120789,,1,0.3643621903581757,0.28703011046495236,0.3486076991768719
136288,,1,0.3746614580777674,0.3358191098097588,0.2895194321124738
35463,,1,0.3820743054239781,0.28968552874776654,0.32824016582825555
115964,,2,0.32483566217398535,0.3462674218789093,0.32889691594710535
85390,,3,0.33421715169837163,0.3167952757614195,0.3489875725402089
142009,,3,0.366543292990678,0.26340453625226046,0.3700521707570616
71733,,1,0.3664446485862149,0.28073548609328663,0.35281986532049847
126749,,3,0.2742146579621966,0.31594719741808813,0.40983814461971535
63950,,1,0.3828074876402769,0.32068820254833874,0.29650430981138437
15781,,1,0.4031968557645231,0.2824432342798881,0.31435990995558877
25628,,2,0.2917663590750504,0.37727854658120086,0.33095509434374876
29787,,1,0.38481323445535914,0.3161416457724662,0.29904511977217474
11747,,1,0.38783168631692694,0.35770733176594977,0.2544609819171232
149754,,1,0.3615711132730394,0.33863039863263905,0.29979848809432147
111741,,1,0.37759416909430354,0.31798337257161025,0.30442245833408615
91214,,1,0.37893936304935366,0.32098065627361544,0.3000799806770308
101097,,1,0.3699892383191121,0.2915275459229828,0.338483215757905
46790,,1,0.39301502057469617,0.34344132027108243,0.26354365915422145
121044,,1,0.35025087198195876,0.3135513701326934,0.33619775788534784
47867,,1,0.3612896866109277,0.3213935785373403,0.31731673485173206
65048,,1,0.3818546107156305,0.29742663768314864,0.32071875160122093
73992,,2,0.3537951463568398,0.3722939675057728,0.2739108861373874
149646,,1,0.39171623687845836,0.2965589881887424,0.3117247749327993
47410,,2,0.30086125894649973,0.40992291379996176,0.28921582725353845
99997,,2,0.3265794835264149,0.36390657952657346,0.3095139369470116
127369,,1,0.41703408565977657,0.2896938947883852,0.2932720195518381
118294,,1,0.37219097788511646,0.3542800698649047,0.27352895224997886
169473,,2,0.3483362854152128,0.3518337223921868,0.29982999219260037
47943,,1,0.37549849594724194,0.33606143572348524,0.288440068329273
29830,,1,0.3610922003812134,0.3052054733836928,0.33370232623509377
159896,,3,0.3468999026380977,0.3006432223150189,0.3524568750468834
43392,,1,0.38701713099004276,0.29002833804883904,0.3229545309611181
101502,,1,0.39566920260506305,0.33079317036467354,0.27353762703026346
158191,,3,0.2984797450933974,0.34645708102401246,0.3550631738825902
168957,,1,0.4004667638498513,0.28231903163656863,0.3172142045135801
117385,,2,0.3318302392501064,0.3801964751312994,0.2879732856185942
35968,,1,0.3682169641094191,0.3106424105397323,0.32114062535084864
123253,,1,0.3686152713593551,0.3343128581450875,0.2970718704955573
155198,,1,0.4631606846980099,0.3106174363143798,0.22622187898761026
98105,,3,0.3328058720216681,0.3308905663106799,0.3363035616676519
108622,,3,0.3555320648089468,0.2868566296786145,0.35761130551243864
150329,,1,0.35698453715856937,0.32803741535498804,0.3149780474864426
118331,,1,0.407895528134657,0.3288557662689975,0.26324870559634544
112933,,1,0.3827441478163911,0.33328804026443204,0.2839678119191769
74000,,1,0.37557198449188417,0.32557926039780033,0.29884875511031544
107526,,3,0.3414889818640924,0.2760282595511874,0.38248275858472014
104596,,3,0.3523702109472535,0.2589694098127888,0.3886603792399576
29263,,1,0.35114827618654865,0.3257333056488908,0.3231184181645605
65177,,1,0.36054603521753276,0.3482306335035673,0.29122333127889993
55235,,3,0.350065634544315,0.2906211508405764,0.3593132146151086
4531,,3,0.3161887317243929,0.3411100550184311,0.34270121325717595
109837,,1,0.3960786748148918,0.3089707393245843,0.29495058586052403
92566,,1,0.40830603467471915,0.3108194317482698,0.28087453357701103
60202,,1,0.3907117161334017,0.3270888171041865,0.28219946676241175
171096,,1,0.4009898197040815,0.32450217646538315,0.27450800383053536
20176,,2,0.2782597418518442,0.38971096515300874,0.33202929299514694
145623,,1,0.3749664689101736,0.28665027260412645,0.33838325848569994
21236,,2,0.3196245592739009,0.3458722216056534,0.33450321912044567
32948,,1,0.3717519509263971,0.29520806449963105,0.3330399845739718
106119,,1,0.38945593510637905,0.2665695857092093,0.34397447918441176
111404,,1,0.3711699954078214,0.34371792765606524,0.28511207693611335
105247,,3,0.33333410022758264,0.33244688770152436,0.3342190120708929
32861,,1,0.36574382441904224,0.3428237271767318,0.29143244840422605
140122,,1,0.3340459510371917,0.3333219607181411,0.33263208824466717
110767,,1,0.3633364641937463,0.3189708831531665,0.3176926526530872
133061,,1,0.381908583089556,0.2967008864719547,0.3213905304384893
45608,,1,0.377683436436713,0.2936180043718779,0.32869855919140917
96021,,3,0.3609768379886857,0.2770206098487203,0.36200255216259397
50327,,3,0.34780395209478376,0.2816472346598841,0.37054881324533206
24035,,3,0.32920842509690634,0.32497357790667025,0.3458179969964234
131225,,1,0.3645462973915062,0.3014944827395532,0.3339592198689406
55538,,1,0.37804638965027915,0.2736979620738615,0.34825564827585953
129119,,1,0.39333332009288435,0.3332707970387747,0.27339588286834077
64806,,1,0.37738893167851867,0.33448311376982853,0.2881279545516528
111422,,1,0.345857301745216,0.3270548339011717,0.32708786435361226
97998,,3,0.31710606684251147,0.3134023307973429,0.36949160236014567
23521,,1,0.39657867150842574,0.3264832836668097,0.2769380448247645
91993,,1,0.39991181623187616,0.3421081944090658,0.2579799893590581
176552,,2,0.3054206757730169,0.36566928111695424,0.3289100431100288
102641,,2,0.33279719450219797,0.35077741058875267,0.31642539490904925
45731,,1,0.36417400053464366,0.2900186564238314,0.3458073430415249
127054,,1,0.40724488650170504,0.33022200968344995,0.26253310381484496
20394,,3,0.3236983264063077,0.2965587118555502,0.379742961738142
46709,,1,0.38008424235641053,0.3501908318337253,0.26972492580986424
151385,,1,0.37317396539626585,0.29677261054375753,0.3300534240599766
21899,,3,0.3168370330830313,0.3160751784832316,0.3670877884337372
99768,,3,0.343458399954523,0.3120926789198871,0.3444489211255899
61523,,1,0.35329063413701606,0.30936992249375933,0.3373394433692246
158056,,1,0.36676341399810425,0.2696505620723063,0.3635860239295895
120714,,1,0.3684003314986982,0.33189007102403056,0.2997095974772713
59198,,3,0.33472677065915846,0.2624944611327838,0.4027787682080578
104087,,1,0.38795034670451983,0.2476075048205124,0.3644421484749678
93872,,3,0.34888903586990144,0.28916464474165093,0.36194631938844757
172447,,1,0.3665712819325705,0.3511687550644591,0.2822599630029703
102237,,1,0.4079322890391591,0.32665364605621555,0.2654140649046254
98261,,1,0.35501447390770197,0.33785509321233453,0.30713043287996356
19955,,3,0.3562191243309557,0.28270966011765053,0.36107121555139376
126155,,1,0.3933224762079856,0.31716296485081064,0.28951455894120387
123626,,1,0.4419323884760078,0.27044648836644597,0.2876211231575462
72697,,1,0.3852073000572619,0.31794733358492694,0.29684536635781106
27331,,1,0.44575158158867195,0.24958559701095054,0.3046628214003776
82010,,1,0.37841664158171073,0.3261260870113555,0.2954572714069338
27221,,1,0.39934730887571973,0.2898747022596333,0.31077798886464697
138008,,1,0.3945593431345249,0.31637626013850867,0.2890643967269664
100819,,1,0.40383034874281576,0.2875947289057039,0.3085749223514803
69355,,3,0.32273072864487073,0.2615120826096896,0.4157571887454396
175029,,1,0.4563580886657691,0.2728360416118975,0.2708058697223334
66233,,3,0.3118230275259317,0.29060831573970564,0.39756865673436254
149235,,1,0.4003212878845741,0.3644000768713294,0.23527863524409648
145742,,2,0.3356962081978326,0.3392242602112523,0.3250795315909151
48062,,1,0.3456038496080989,0.33947494615204865,0.3149212042398525
48624,,2,0.3363153159172638,0.37516001184610603,0.28852467223663025
109192,,1,0.3831115641705778,0.28853753484017963,0.32835090098924263
58100,,1,0.3687253801232373,0.29133282898043866,0.339941790896324
149845,,1,0.377444101397014,0.3211826421808117,0.3013732564221742
132890,,1,0.3803878492838883,0.3166908694057113,0.30292128131040036
161086,,1,0.3881266149443897,0.3049615436585739,0.30691184139703637
154168,,3,0.32844070036343564,0.3010148238940185,0.3705444757425458
102530,,3,0.3283335125179859,0.32953861327144496,0.3421278742105692
123763,,3,0.26633012889049423,0.2683747982750757,0.4652950728344302
4385,,1,0.38757777907855206,0.3007884662692663,0.3116337546521816
67096,,1,0.4013296209912288,0.33443415040844787,0.2642362286003234
173761,,1,0.3751930951320035,0.26673523210004013,0.35807167276795643
66772,,1,0.35210583772548537,0.3503347106485655,0.2975594516259492
66768,,2,0.2947062812737405,0.402170307428931,0.30312341129732856
73827,,1,0.373073589600161,0.33268128843829836,0.29424512196154057
33053,,2,0.3534367379752669,0.42280282516585616,0.22376043685887692
46373,,3,0.2925719938544987,0.35277397465269816,0.35465403149280306
119950,,2,0.3188793831874822,0.36639535600898004,0.3147252608035378
134571,,3,0.31951761720900157,0.28281710226065726,0.3976652805303411
106886,,1,0.3646678491718104,0.2878198020633678,0.3475123487648218
180148,,2,0.32819202222097105,0.3459531074082467,0.3258548703707822
111116,,2,0.34041452443334963,0.3659756986089669,0.29360977695768337
49590,,1,0.3924659731980426,0.28640161221355614,0.32113241458840125
127295,,1,0.4005517179339682,0.26065375223028725,0.3387945298357445
55849,,3,0.3650368716567822,0.2482900880837997,0.38667304025941807
145912,,3,0.376133545501142,0.21748836693842616,0.40637808756043187
124632,,3,0.32844450604134623,0.296910309392728,0.3746451845659257
172839,,1,0.3731008503812064,0.3245225358483289,0.3023766137704649
35947,,1,0.3498749017719536,0.3401415915424199,0.3099835066856265
95087,,1,0.3630274134353283,0.2762111544662377,0.360761432098434
167286,,3,0.3277634941246179,0.3326284113482676,0.3396080945271144
62159,,1,0.42092802217159164,0.2873558252566317,0.29171615257177647
39486,,3,0.3411452041656415,0.2915840680696653,0.36727072776469316
138296,,1,0.3758297896663926,0.3211972122118323,0.3029729981217751
107572,,3,0.33773525627009626,0.2943034588891789,0.36796128484072477
3008,,3,0.34740425005103137,0.2918856253781807,0.360710124570788
112722,,1,0.3931569767256671,0.35191864642409837,0.25492437685023467
39365,,3,0.23461692746420296,0.32933105558595244,0.43605201694984475
105171,,1,0.3927334600896294,0.30458970741419833,0.3026768324961722
133433,,3,0.3082757333582476,0.28670278752286454,0.40502147911888786
149213,,2,0.3513507190550202,0.3605989997533633,0.28805028119161646
59841,,2,0.24929400632446538,0.4063876246283334,0.34431836904720114
13214,,1,0.39006006066193183,0.31798258034505045,0.2919573589930178
94747,,1,0.3852190039392667,0.3200975132792213,0.29468348278151196
106197,,3,0.3586165383686716,0.27526734797132296,0.3661161136600055
46718,,2,0.291722737924503,0.44885749355167176,0.2594197685238253
86139,,1,0.3874374981633504,0.28307434060904807,0.32948816122760155
133182,,3,0.3440967919419672,0.28719399442749766,0.3687092136305352
101514,,1,0.37109160212169834,0.28999267874291734,0.33891571913538426
80657,,1,0.37210228187666616,0.3186236556996811,0.3092740624236528
85364,,3,0.3571918396105337,0.2515399028103501,0.39126825757911626
19523,,3,0.3588432112516498,0.28170505845005084,0.3594517302982994
71692,,3,0.28439398713157693,0.2758828243536598,0.43972318851476333
4267,,1,0.3674128783328109,0.2834833590218085,0.3491037626453806
103685,,1,0.3680001293762631,0.33242268774074757,0.2995771828829893
2605,,3,0.32494530838453034,0.2948995453634411,0.38015514625202856
153034,,1,0.42922908406226296,0.30660979853738207,0.26416111740035486
149833,,1,0.46813047183182827,0.2571642536033361,0.2747052745648357
149045,,1,0.3657413154960321,0.2782000645443568,0.35605861995961097
107353,,3,0.3222262768067267,0.3048941142993896,0.3728796088938836
58372,,1,0.34404595355233225,0.31806388441569106,0.3378901620319767
32702,,3,0.2530563021948244,0.30475990560151067,0.442183792203665
171244,,2,0.3042183084392233,0.4086085906585294,0.28717310090224735
107523,,1,0.35185125944413903,0.3296506500209605,0.31849809053490064
133658,,1,0.36214947507711986,0.2775685920307249,0.3602819328921552
11695,,1,0.4117421862043273,0.26293705668570344,0.3253207571099692
111120,,1,0.3606910804603261,0.3046133449639699,0.334695574575704
120929,,1,0.42005647240919,0.2749511980983001,0.30499232949251
29620,,1,0.384629709811623,0.28137448021740263,0.33399580997097433
116033,,1,0.34113365643492716,0.33120881320960915,0.32765753035546363
48563,,1,0.36207437976338763,0.35915748149393484,0.2787681387426775
102642,,2,0.2779130736696276,0.3767200418871463,0.34536688444322605
155353,,1,0.36618927817447,0.2840511120349056,0.3497596097906245
135802,,2,0.329212483315931,0.4014102422730304,0.26937727441103865
175272,,3,0.27717335324035547,0.23943876643634676,0.4833878803232979
59495,,3,0.34772251362742784,0.27571004156435336,0.3765674448082188
143570,,1,0.34651118757527816,0.34235257961587984,0.311136232808842
151016,,2,0.33883395154428575,0.34717320500199944,0.31399284345371486
