idmatch,result_finish_match,result_finish_match_prediction,proba_win_1,proba_draw,proba_win_2
105933,,1,0.35401138262785375,0.3074476117201621,0.3385410056519841
113655,,2,0.29496221174270293,0.3827313607561993,0.32230642750109784
69416,,1,0.3600530329644231,0.32678000643908967,0.31316696059648735
106450,,2,0.26321053255557325,0.37933195330022307,0.35745751414420374
70647,,2,0.33874596876204144,0.347605613758736,0.3136484174792226
87245,,3,0.31019577203372856,0.34022684598594854,0.3495773819803229
61291,,1,0.3619207295464083,0.3356386301815406,0.30244064027205103
102342,,1,0.3716894370921093,0.36425081120611646,0.26405975170177426
45749,,1,0.3798089949851322,0.27866975690204476,0.341521248112823
113591,,1,0.38644754180847474,0.24317038261384782,0.37038207557767744
150032,,2,0.327653979538545,0.39233887363565045,0.28000714682580446
124298,,3,0.35444634673368264,0.2276095574153352,0.4179440958509822
95334,,2,0.2929748074397719,0.38772293893181264,0.3193022536284154
152833,,1,0.3532776065204634,0.33090886960531335,0.3158135238742232
70267,,1,0.34383887435877536,0.33226005603853015,0.32390106960269444
145927,,3,0.3526425038288907,0.2938100307109293,0.3535474654601801
153045,,3,0.32317208811085324,0.32266340369264696,0.35416450819649975
13151,,1,0.369220374743285,0.3261204953437222,0.30465912991299277
137662,,1,0.41541615936914883,0.26068121081043366,0.3239026298204174
120929,,1,0.36431610634752515,0.35206963407507685,0.28361425957739794
151016,,2,0.26629858266242223,0.39241003910887534,0.34129137822870254
64067,,1,0.37620370330786845,0.3216743532193244,0.3021219434728071
29825,,1,0.36045685242481573,0.28432006140967386,0.35522308616551035
52443,,2,0.3314240863401104,0.33733208477724197,0.33124382888264764
123289,,2,0.3277232248336317,0.3723810162193219,0.2998957589470464
182363,,2,0.2754152880273191,0.37221448267368995,0.3523702292989909
69651,,1,0.3609788858460815,0.300243689404086,0.3387774247498325
61575,,1,0.39634739330924135,0.26867302935953424,0.3349795773312245
63287,,1,0.40262549212208215,0.2697559518129913,0.32761855606492657
16559,,3,0.3360827565536995,0.26214300815044,0.4017742352958604
135946,,1,0.37505140373227225,0.29789914709226706,0.32704944917546064
88827,,3,0.3571732985210736,0.260009817674363,0.3828168838045634
132827,,2,0.3234697464572535,0.35779255235440854,0.31873770118833783
13177,,3,0.30486239366889883,0.2693687540451188,0.42576885228598227
107444,,1,0.36201496974888026,0.2919283593403233,0.3460566709107964
110251,,2,0.30490219894612747,0.35083487139767255,0.3442629296562001
136943,,1,0.4135204138055031,0.23373615477458817,0.35274343141990877
132633,,3,0.30637189896735917,0.2925512280895179,0.4010768729431229
159891,,2,0.3036008239112483,0.35689870384167366,0.3395004722470781
105087,,3,0.3095660405513241,0.3153458790097084,0.37508808043896763
120498,,2,0.2727887250189665,0.3889370946061996,0.3382741803748339
106190,,3,0.33254367031993554,0.2951225672330242,0.3723337624470402
21171,,2,0.30290971322278387,0.37584364117618596,0.32124664560103006
43537,,1,0.3471118837137838,0.31993875309342495,0.3329493631927912
140593,,1,0.3606093477178136,0.29421241863929876,0.3451782336428877
127239,,1,0.3824864617917175,0.2908287316517673,0.3266848065565152
84817,,3,0.3088848880315756,0.3387259260317056,0.35238918593671886
140121,,1,0.38628391351361213,0.37666067066377057,0.23705541582261722
140120,,3,0.3192988360772654,0.3121485864540352,0.3685525774686994
46988,,1,0.4124292882508054,0.32509026219270926,0.2624804495564853
135912,,1,0.3443799966629146,0.3277358897578652,0.3278841135792202
72621,,1,0.3783617571292154,0.32425097606488656,0.29738726680589805
132975,,3,0.3161978855864783,0.3005278762151099,0.3832742381984118
130070,,3,0.331520660402523,0.21598436858347375,0.4524949710140033
48330,,1,0.3577817004883956,0.3063490442518779,0.3358692552597265
136008,,2,0.32359597526640893,0.34924664498360997,0.3271573797499811
102148,,2,0.2408340075377219,0.43653265873344516,0.32263333372883285
153034,,1,0.4301131510417168,0.40189002502068677,0.16799682393759646
151624,,1,0.3689881045679303,0.3088830029359163,0.3221288924961533
167980,,1,0.4050189642665222,0.3396061012028375,0.2553749345306403
63799,,1,0.35339055423438004,0.3062511653529736,0.34035828041264643
12760,,1,0.382922051360505,0.27104991835262193,0.3460280302868731
71667,,3,0.35683258617742125,0.28046334425991853,0.36270406956266027
138207,,1,0.3892760240316536,0.3016047306293514,0.309119245338995
96863,,3,0.33581804703658286,0.32617243377822636,0.33800951918519073
71789,,3,0.32746142295674063,0.31188928606599037,0.36064929097726894
47426,,2,0.33704867370083597,0.35271002837936566,0.3102412979197983
155321,,1,0.38496523273841904,0.3745358801021266,0.24049888715945447
111916,,2,0.32904073643196163,0.36821630721829895,0.30274295634973947
51798,,2,0.32757101638753355,0.3369530261702897,0.3354759574421768
73737,,3,0.308752180326362,0.3177360836626077,0.3735117360110303
72055,,1,0.358312232520731,0.2985103317258103,0.3431774357534586
13891,,1,0.37072610320991484,0.32355625780665737,0.30571763898342785
15640,,2,0.270190890880538,0.42169434587047616,0.30811476324898585
60053,,1,0.35762506112318293,0.33603860613333797,0.3063363327434791
169176,,1,0.4005571261459399,0.2523880981170093,0.34705477573705074
77505,,3,0.3225310925018794,0.29156563646022665,0.385903271037894
66733,,2,0.32911423373425114,0.33738171179002896,0.33350405447572
113644,,3,0.2727681622225044,0.3299070210338153,0.39732481674368025
86101,,1,0.35403401414585167,0.30206857927090824,0.3438974065832401
108340,,3,0.3315153712725337,0.2955244093187203,0.372960219408746
99400,,1,0.352993170306107,0.2943093567359997,0.3526974729578933
106827,,2,0.29177829493002666,0.3694737610784704,0.3387479439915029
171090,,1,0.3887409560221927,0.26967121485057693,0.3415878291272303
69310,,1,0.3635825844685079,0.272905255697662,0.3635121598338302
96384,,2,0.28518400549438977,0.4242566350325932,0.290559359473017
78121,,1,0.37618039574862694,0.33759584393196157,0.28622376031941144
186687,,3,0.29034282433093533,0.29438769904084516,0.41526947662821945
110426,,2,0.26897511125157786,0.41940127060686516,0.311623618141557
88119,,3,0.3344940776602078,0.3117046718744616,0.3538012504653307
106312,,1,0.3598969388195099,0.3166567937013717,0.3234462674791185
145203,,3,0.3160090524163237,0.33454184978471574,0.34944909779896055
154221,,1,0.44410370910763586,0.26093621606017586,0.2949600748321882
159743,,2,0.33340962567056376,0.4059822671039091,0.26060810722552713
42099,,3,0.32462329987674465,0.27694947538347925,0.3984272247397761
91611,,3,0.38271380485855344,0.21687903774070405,0.4004071574007425
111112,,1,0.3565097963842046,0.3339313120973452,0.30955889151845023
105503,,2,0.31323745382099694,0.3908904937887556,0.2958720523902474
105129,,1,0.3724661752777444,0.30099355695849933,0.3265402677637563
110323,,1,0.3668883895267736,0.3481437944644754,0.28496781600875093
123406,,2,0.31955858083356387,0.35839867965999866,0.32204273950643747
72580,,1,0.38222102187038837,0.2649827687553611,0.3527962093742504
94838,,3,0.26665777848667144,0.3578749086546172,0.3754673128587114
145716,,1,0.40406282229672175,0.2595364100949222,0.336400767608356
20033,,3,0.3389724348604848,0.2815963129681397,0.3794312521713756
73786,,1,0.3448496553318149,0.32482791945598527,0.3303224252121999
45680,,2,0.3178986497921617,0.36340724154013193,0.3186941086677064
138396,,3,0.31826905425972124,0.31179299919327463,0.3699379465470041
106695,,1,0.40728734080046125,0.25438244671459415,0.33833021248494455
25564,,1,0.3704659524922908,0.3294375510253933,0.3000964964823159
113569,,2,0.29778501356793563,0.35579779545068363,0.3464171909813808
25334,,2,0.3102396619396235,0.369605537088832,0.3201548009715446
62680,,2,0.31848902432760334,0.341688342233489,0.33982263343890756
133879,,1,0.43785121400827537,0.2864259177079944,0.2757228682837304
110542,,3,0.325776888829976,0.323615153399751,0.35060795777027287
97321,,3,0.3303924824651147,0.2980036755436175,0.37160384199126784
129890,,3,0.3021162383049531,0.27489128174846134,0.42299247994658545
117046,,3,0.348421782560144,0.26815992633118596,0.3834182911086701
114408,,3,0.36385491475103104,0.23988063924080644,0.39626444600816246
120941,,3,0.34693772838895875,0.25192836255736484,0.40113390905367646
29670,,2,0.3215325285999529,0.356777536305701,0.32168993509434607
73339,,1,0.3841715822890726,0.28635687041627117,0.3294715472946563
52448,,1,0.36503199651088736,0.357662230061825,0.2773057734272876
48134,,2,0.3269470598759703,0.37357934432733453,0.2994735957966952
20394,,1,0.416618292911759,0.28622795784003674,0.2971537492482043
64719,,1,0.38038579267627753,0.3082922195500993,0.3113219877736232
86286,,3,0.36243463396961584,0.224631972729904,0.4129333933004801
132026,,3,0.3277097212425561,0.3051038769263805,0.36718640183106344
95835,,1,0.3595562264947378,0.33524060135139017,0.3052031721538721
96717,,3,0.2933753293664573,0.32481504088941693,0.3818096297441257
64922,,1,0.3613886023896798,0.31729758788131623,0.3213138097290039
118414,,1,0.3694447702655486,0.3168548519699524,0.31370037776449905
102387,,3,0.31029889477174966,0.32743693753496805,0.3622641676932824
95555,,2,0.3374129022648592,0.37465862592832944,0.28792847180681136
106593,,1,0.36782159499916584,0.3311622219563988,0.30101618304443545
142903,,2,0.32527315441134097,0.358347393303479,0.31637945228517994
113560,,2,0.2907812017545776,0.3788877635396562,0.33033103470576614
62173,,1,0.4069095926256732,0.3414864462936078,0.25160396108071886
150542,,1,0.41175715135198204,0.21364962583351468,0.37459322281450336
101455,,2,0.25480047854968096,0.4190306655339691,0.32616885591635
27954,,1,0.37143076347244736,0.35764142706112795,0.27092780946642475
98154,,1,0.3757182720874429,0.3295082276828868,0.29477350022967036
71475,,3,0.27824794061249986,0.34931721257578174,0.3724348468117184
19441,,3,0.3457950789788351,0.25440906490690957,0.3997958561142553
24471,,1,0.36461618177748295,0.2773925690485527,0.3579912491739643
70348,,1,0.3594315922397557,0.33602537538754257,0.30454303237270175
120337,,3,0.3388095529751091,0.29513682218065496,0.36605362484423587
117882,,1,0.3519357695002458,0.32571178532663225,0.322352445173122
101943,,1,0.35561516445736197,0.3528930953450269,0.2914917401976111
110564,,2,0.24924662229173178,0.4636339312365987,0.2871194464716695
2626,,3,0.3180016000415921,0.273293698527036,0.40870470143137194
71562,,2,0.2921879512922431,0.4204336315692747,0.28737841713848217
51792,,1,0.3795193298127463,0.3555713491147754,0.26490932107247833
55129,,1,0.38998849658778056,0.3498470203324738,0.26016448307974566
71456,,2,0.37456400152625013,0.3901977262478413,0.23523827222590854
133433,,1,0.41445571895639316,0.23695556034461557,0.34858872069899133
98169,,3,0.3161240528488667,0.303011768483357,0.3808641786677764
29689,,2,0.33388361606539435,0.35290914649161537,0.31320723744299034
102054,,3,0.3135802803121515,0.32463815096838994,0.36178156871945866
148181,,3,0.34341382963977696,0.300457122459324,0.35612904790089894
111226,,3,0.3491918317407706,0.28701812497308704,0.36379004328614234
129549,,1,0.40594843112925355,0.24531962391799908,0.34873194495274745
106707,,2,0.3431565102062948,0.37508281548090716,0.28176067431279805
149034,,1,0.3793249948517327,0.281256304380805,0.33941870076746217
177665,,1,0.3640151421717838,0.32088841755128233,0.3150964402769339
47765,,3,0.32946725256178877,0.32418770383757517,0.346345043600636
104042,,3,0.2946716740832593,0.29696513686771975,0.40836318904902086
74822,,3,0.2981276382586809,0.2377280415762311,0.46414432016508794
55407,,3,0.3319016996489029,0.2610237009528507,0.40707459939824636
74000,,2,0.3175773957319421,0.36717986628703,0.3152427379810279
118944,,3,0.33398171065312826,0.3149832520153648,0.35103503733150704
122876,,3,0.35791821258988443,0.24508617885228465,0.396995608557831
23309,,3,0.33777526706924316,0.3232052801954551,0.3390194527353018
32859,,3,0.35023688572531597,0.26701793915727023,0.38274517511741385
152461,,3,0.3025773303584937,0.3299814534961616,0.3674412161453447
106622,,2,0.30615005687149827,0.3786304977078231,0.3152194454206786
187520,,1,0.3846505565173381,0.3070962424824472,0.3082532010002148
48573,,3,0.31013550449670935,0.3137878087303503,0.3760766867729403
136738,,3,0.30122889963953964,0.32028415408564165,0.3784869462748188
62159,,3,0.33378675743336905,0.30377824754564065,0.36243499502099036
102203,,3,0.2827297548949545,0.35511246754410203,0.3621577775609434
13848,,3,0.3304917032816719,0.270026594308733,0.3994817024095952
4021,,3,0.39809626639313606,0.20287928465218238,0.3990244489546815
97218,,3,0.31422647663770187,0.3389433746353595,0.3468301487269386
58397,,1,0.3971470955148973,0.2846624474735767,0.31819045701152593
127455,,2,0.28230729336919713,0.4499330564863488,0.2677596501444539
102083,,1,0.35994933046287425,0.30311685166947255,0.33693381786765314
177188,,3,0.3232434638240126,0.33078994518318644,0.3459665909928009
45468,,3,0.34238303428133776,0.29599858861495754,0.3616183771037047
132988,,3,0.352766135977732,0.28042872342709096,0.36680514059517705
17665,,1,0.39694455376509596,0.23362240140258556,0.3694330448323184
171106,,2,0.32882997901731,0.3731446444517761,0.29802537653091393
103458,,2,0.35528579233703195,0.42851007103624345,0.21620413662672464
59339,,1,0.39261275350502156,0.307039741748318,0.3003475047466605
104325,,3,0.341547806592313,0.2884062763141746,0.3700459170935125
122194,,2,0.3072069351426588,0.3543814187730615,0.3384116460842797
120543,,1,0.37505062438455555,0.2644798886704664,0.360469486944978
149897,,1,0.34009560449565207,0.32606427435118024,0.33384012115316775
120322,,1,0.3420110370305325,0.3304111014295482,0.32757786153991936
61634,,1,0.3554405686972574,0.3225731459320239,0.32198628537071877
4442,,3,0.31599301004210023,0.3010071557265313,0.3829998342313685
81984,,1,0.3808802044104339,0.2503936464929964,0.3687261490965697
64855,,1,0.35484202623472694,0.3346085108444684,0.31054946292080476
66141,,3,0.3487154773060373,0.2742249167727994,0.3770596059211633
55319,,1,0.3643415754110267,0.30806895107936305,0.3275894735096104
133792,,2,0.3324926852883405,0.38630752262385804,0.28119979208780155
123165,,3,0.291607162619813,0.3415929917802402,0.36679984559994677
39252,,3,0.3651131428171264,0.22826216061473917,0.4066246965681345
134265,,1,0.368515242098478,0.3014218435265792,0.33006291437494273
67863,,3,0.32501510664309385,0.32727479845062607,0.34771009490627997
135118,,1,0.3738375057309202,0.29615008159238837,0.33001241267669146
117066,,3,0.31927047305984063,0.2812309487061954,0.399498578233964
46487,,1,0.37580923352046647,0.3295310077848178,0.2946597586947157
103901,,3,0.34039073261769687,0.2648008568586549,0.39480841052364835
60527,,2,0.3405725991479751,0.3471202756172201,0.31230712523480486
109806,,2,0.3235052818267208,0.3420105342695654,0.3344841839037138
145700,,1,0.4102190530579521,0.25859104762855173,0.3311898993134962
72554,,1,0.38509310364322474,0.23594673099596766,0.3789601653608075
70206,,1,0.3813965364364459,0.2948683704030247,0.3237350931605295
85770,,3,0.3659113262157566,0.26039234420326746,0.37369632958097604
151026,,2,0.27362207497736096,0.3790562182274393,0.34732170679519975
95087,,3,0.31986464846438256,0.2898495099111832,0.3902858416244342
149621,,3,0.34486274626374497,0.3094163415055991,0.3457209122306559
91370,,1,0.38174692912252034,0.3385855206340493,0.27966755024343026
33839,,1,0.33804130365709395,0.3240896495539682,0.337869046788938
99021,,1,0.38463275788216,0.32055801880721885,0.29480922331062126
124705,,3,0.35916253189915304,0.26793058661028685,0.37290688149056006
127545,,1,0.40457133579785487,0.2453806163965321,0.35004804780561294
2548,,3,0.30960281096086967,0.32604733539627917,0.3643498536428512
25503,,1,0.38947347119689213,0.30430952442629144,0.30621700437681637
94747,,1,0.3929107159149388,0.30775337782598067,0.2993359062590805
110591,,3,0.3593687154280161,0.28009304544958474,0.3605382391223991
11691,,2,0.32102776507055303,0.3576453941933194,0.3213268407361276
134569,,2,0.34643660877254084,0.36673368831756625,0.28682970290989285
96573,,3,0.27560843555502906,0.35917101878856944,0.36522054565640155
106720,,1,0.3345532678054949,0.3319665390390456,0.3334801931554596
89419,,2,0.3353501708427905,0.3588968776802422,0.30575295147696724
95280,,3,0.35435634536676425,0.27046384189496436,0.37517981273827133
96580,,1,0.3650219995200509,0.33151430878897986,0.3034636916909692
98112,,1,0.4391771352268015,0.30332058767259656,0.2575022771006019
58916,,1,0.38798055793240005,0.3074912673399045,0.3045281747276955
169465,,3,0.31934311201150795,0.3329458127895552,0.34771107519893685
149274,,2,0.3423753264848965,0.3669204468551727,0.2907042266599308
49521,,3,0.2871350280382818,0.309158965958145,0.40370600600357326
70210,,1,0.3793381132984486,0.3277116649042598,0.2929502217972916
148560,,3,0.350586761350074,0.2583499983243623,0.3910632403255638
136114,,3,0.29434904827520575,0.34577361532815065,0.3598773363966436
110093,,3,0.3762396160126077,0.23558385703876947,0.3881765269486228
13200,,3,0.2932210592238451,0.33662953319409133,0.37014940758206366
46613,,1,0.3530951144620753,0.3285485565270604,0.31835632901086436
148833,,3,0.36437423135965047,0.2455045073998431,0.3901212612405064
170578,,3,0.3046633808344909,0.3247544034006133,0.3705822157648958
56961,,3,0.31016931362441497,0.2897674075095914,0.4000632788659936
97207,,3,0.3596018259393305,0.27974468675378344,0.360653487306886
25557,,1,0.40071973233542063,0.37310671914416393,0.22617354852041546
152445,,1,0.38151559783264516,0.2885708579866932,0.3299135441806616
92161,,1,0.38845650260824277,0.22738170202642233,0.38416179536533485
24912,,3,0.3698865140203163,0.2590188941276629,0.37109459185202087
106528,,3,0.2703622378128177,0.36196605517830827,0.36767170700887414
113600,,2,0.23383961797977787,0.4853955441207775,0.2807648378994446
120480,,2,0.308901352257008,0.3562660907360383,0.3348325570069536
3013,,1,0.40260846613280976,0.22662175801221365,0.3707697758549766
29554,,1,0.3759456597269482,0.2973442505521121,0.3267100897209397
59015,,1,0.33620741467363985,0.3342375793136314,0.32955500601272875
106886,,1,0.35429073359049884,0.319135828825527,0.32657343758397406
145612,,1,0.3572864674870155,0.29689168725836423,0.3458218452546203
48530,,1,0.3722257831035415,0.34589730647522615,0.2818769104212323
72697,,2,0.35875767377303414,0.38288930074179595,0.25835302548517
2609,,3,0.35008078748820565,0.28387425029747343,0.366044962214321
106516,,3,0.31369301752768103,0.3092938564127111,0.37701312605960796
2989,,3,0.3206789643036817,0.29357511107031603,0.3857459246260022
65542,,1,0.38047698613009945,0.2587525443810185,0.36077046948888203
187357,,3,0.3099200443179902,0.3372309847012871,0.35284897098072265
66672,,1,0.37447819193084114,0.2716396705120825,0.35388213755707637
121038,,1,0.4336160201679388,0.3114458167820591,0.25493816305000205
159892,,3,0.33858644600795035,0.30842801254405483,0.35298554144799477
143505,,2,0.2961117212459532,0.4004998507824245,0.3033884279716223
151451,,2,0.333428260662884,0.3518785721668806,0.3146931671702353
71689,,2,0.3228556992055411,0.3494364688917285,0.32770783190273034
63566,,3,0.32092934798957984,0.27455944788447156,0.40451120412594854
64805,,2,0.27873803691257776,0.3677201954764871,0.3535417676109352
22723,,1,0.35225920549813405,0.32425668241764094,0.323484112084225
126297,,2,0.3449010611217215,0.3600364152269323,0.2950625236513462
62487,,1,0.398607323471591,0.3002242233672803,0.3011684531611288
134690,,3,0.3149474807034611,0.29503872531888947,0.3900137939776494
97395,,1,0.3887715985735607,0.2731042836493525,0.33812411777708673
57106,,1,0.3603606677562641,0.2995402889872811,0.3400990432564549
134109,,2,0.3258943461479946,0.4272824100794277,0.24682324377257758
70672,,3,0.32235079638748293,0.2870080281330791,0.39064117547943794
58245,,1,0.3721797415796469,0.3096068289161572,0.3182134295041959
145104,,1,0.37820040260745313,0.3154689679573915,0.3063306294351554
15976,,1,0.4074738091225766,0.2738967635411736,0.3186294273362498
108627,,1,0.36124020074990076,0.3483542936709883,0.29040550557911093
19118,,1,0.38987233824236495,0.2270837597725475,0.3830439019850876
25448,,1,0.35172896265165704,0.3277326033498204,0.3205384339985225
105869,,3,0.3041337244630958,0.33211409449645385,0.3637521810404504
150454,,1,0.4207921981990176,0.23208592321574226,0.3471218785852401
124716,,1,0.3642531786809576,0.2841089332329991,0.3516378880860433
30221,,1,0.3721556435597161,0.3588736127758161,0.2689707436644678
150597,,3,0.27141126209710353,0.30540802307773746,0.423180714825159
4780,,1,0.4888366580515948,0.2819094836091179,0.2292538583392873
102645,,2,0.25435538134128444,0.3783340309495923,0.36731058770912334
145527,,1,0.37445066829495555,0.2847070166527114,0.340842315052333
108723,,3,0.34559852971889843,0.28567308338907627,0.36872838689202536
13888,,3,0.3219005515359401,0.2909699523615296,0.3871294961025302
158840,,2,0.29193256102410564,0.36311103275195383,0.3449564062239406
121495,,3,0.35379246634325545,0.2238327980410274,0.4223747356157171
99516,,3,0.3610158772779225,0.2553292109419278,0.38365491178014965
19429,,1,0.39200663750733655,0.25698118802746767,0.3510121744651957
97382,,3,0.3501421158409811,0.23166918029102132,0.4181887038679976
118314,,3,0.33761806624482216,0.2253672897672405,0.4370146439879373
132277,,1,0.36050319417742677,0.3274842873776151,0.3120125184449582
151130,,3,0.3197588553813733,0.3228228463653715,0.3574182982532552
138458,,3,0.33759396746435516,0.29549922168271753,0.36690681085292737
137896,,1,0.40479172677633973,0.2625635034633577,0.33264476976030255
46790,,2,0.2977283691012607,0.4648669031945658,0.23740472770417345
130229,,2,0.28962405688697146,0.3978165575983181,0.3125593855147105
103810,,1,0.3543447513401387,0.32713046203712487,0.3185247866227364
19523,,3,0.3448280555049647,0.24047579929622317,0.4146961451988122
109297,,2,0.27263606263096507,0.4261500387978092,0.3012138985712257
118160,,2,0.2721853998605081,0.4145675346567241,0.31324706548276776
152906,,1,0.36377095954577493,0.2800239950957759,0.3562050453584492
106119,,1,0.368759068924212,0.2626670239254007,0.36857390715038724
118170,,1,0.3449296139377588,0.3358102108862826,0.31926017517595867
13331,,2,0.3123652968928716,0.34903206094733336,0.338602642159795
134546,,3,0.32338568099526616,0.32776337913320186,0.34885093987153204
145265,,3,0.33194968327926305,0.2833815412853551,0.38466877543538186
105136,,1,0.37577274467835126,0.27626395643119434,0.3479632988904544
122886,,2,0.35667597625209235,0.3940765941533934,0.24924742959451426
183016,,1,0.3515512205633441,0.3256525828364511,0.32279619660020487
103666,,1,0.36920849008974027,0.31650581039996434,0.31428569951029534
70172,,2,0.311784952714664,0.35018439570973026,0.3380306515756057
30180,,2,0.3312871446486968,0.3372589564507041,0.3314538989005992
79888,,3,0.29574141777325325,0.28573612926804504,0.4185224529587018
118417,,2,0.34809350810389633,0.402519985511478,0.2493865063846257
49590,,1,0.42352072404679686,0.2603260278402756,0.31615324811292744
33009,,2,0.2708760264780494,0.4104064965522792,0.3187174769696715
132295,,1,0.3841946013734171,0.3493342876250422,0.26647111100154075
13157,,3,0.3398049758406425,0.20594622943583765,0.45424879472351976
157950,,2,0.2685064587638123,0.36961196181223716,0.36188157942395055
167878,,3,0.3580432262603824,0.22975467234931052,0.4122021013903071
150092,,2,0.31114586557421536,0.3608922099900141,0.3279619244357706
38096,,3,0.36011892384188676,0.2744053665824903,0.365475709575623
145286,,3,0.2842409404682281,0.328357412299973,0.3874016472317988
158057,,3,0.35079231024996493,0.2725005017824385,0.3767071879675966
103733,,2,0.2932898693557877,0.40537467585767867,0.3013354547865337
136878,,2,0.3367027934655795,0.4639388475809908,0.19935835895342974
152857,,2,0.3248266359609187,0.35969196190741864,0.31548140213166265
172615,,2,0.28301651922227467,0.3903002560440981,0.3266832247336272
152049,,3,0.3299079529429284,0.3064450021882725,0.3636470448687991
105526,,1,0.345754233180108,0.34198984221902456,0.3122559246008673
151277,,3,0.2892037650441783,0.2743288110869344,0.43646742386888737
59495,,2,0.32112013908499826,0.3608434830679681,0.3180363778470336
98105,,1,0.3792489038313347,0.30406462617361657,0.3166864699950486
108647,,1,0.356345309532586,0.30030673907699484,0.3433479513904192
5770,,3,0.36066415541949276,0.23502483926395318,0.4043110053165542
145797,,3,0.29227210322524694,0.34811147373081736,0.35961642304393576
95398,,1,0.44565798972739423,0.25469844013736165,0.29964357013524406
108742,,3,0.3353002809176644,0.2910055097742442,0.37369420930809133
106511,,3,0.3389099753000939,0.31720420153623985,0.3438858231636661
124246,,1,0.4048778879882062,0.24052276112589746,0.3545993508858965
151794,,3,0.33575485492056595,0.2986228208009038,0.36562232427853014
122964,,3,0.3383002848651392,0.25614645239121075,0.40555326274365017
61124,,3,0.2856136278406868,0.2711342017358015,0.4432521704235117
11760,,2,0.3201064043843835,0.35236538914614185,0.32752820646947467
107131,,2,0.371132980818276,0.3898603729434685,0.2390066462382555
133960,,1,0.35585315689286917,0.3345869625810537,0.3095598805260771
32904,,1,0.3820279692698273,0.2653576320113021,0.3526143987188707
95091,,3,0.2960212807774789,0.34528427814357343,0.35869444107894766
64789,,2,0.2976370078358555,0.3927931227342079,0.30956986942993653
107715,,1,0.4271953862732981,0.22069616503893547,0.3521084486877664
52896,,3,0.3385108780048137,0.2240912130907182,0.4373979089044681
104312,,1,0.3634878627349686,0.2933041067547241,0.34320803051030724
131099,,1,0.3841917418249591,0.2828511192814049,0.332957138893636
102933,,1,0.3566231253416871,0.3153285236340068,0.3280483510243062
106636,,1,0.40141807330390716,0.3352116416371316,0.2633702850589612
151385,,2,0.32049620663158046,0.41989083306673675,0.25961296030168274
155250,,2,0.3447893346050548,0.40890975251551304,0.24630091287943212
159749,,2,0.32390687645594957,0.4117609599086684,0.26433216363538203
97398,,1,0.4112431242755993,0.24976202384665197,0.33899485187774875
154417,,3,0.25297717026269306,0.24448120666592307,0.5025416230713838
61068,,3,0.36403556028339884,0.2323845830475779,0.4035798566690232
107963,,2,0.30342965134013017,0.3524859021963738,0.34408444646349595
109778,,2,0.3514683184873087,0.436437124280467,0.2120945572322243
176552,,2,0.34035483053730387,0.36500484704713493,0.29464032241556115
111722,,1,0.4028488466053822,0.28979970268382027,0.30735145071079756
172695,,1,0.39425458855285517,0.3601606070056501,0.24558480444149478
174617,,1,0.39075053913325375,0.2880463564037471,0.32120310446299916
41768,,1,0.4004336662092671,0.29457636000671966,0.3049899737840132
149960,,3,0.35311785553351427,0.2710766014180119,0.37580554304847386
70536,,3,0.3317948509449558,0.2645685546494016,0.4036365944056426
74973,,2,0.25861257327056947,0.46793080873783455,0.273456617991596
148849,,1,0.3632064931530914,0.3006155917431425,0.336177915103766
158147,,2,0.264161991827499,0.4011917813042919,0.33464622686820916
86897,,1,0.3720121893642175,0.29315237047748366,0.3348354401582988
153113,,3,0.2508553568754995,0.2855395307520847,0.46360511237241575
133471,,2,0.3685862381889961,0.3936832017265325,0.2377305600844715
90643,,2,0.27140961136453323,0.3828901873907889,0.345700201244678
134974,,3,0.3485451660604245,0.27562707395710645,0.3758277599824689
118189,,2,0.3386267391497566,0.3483897015845475,0.3129835592656959
39414,,1,0.3672197371166805,0.3031527130616578,0.3296275498216618
23190,,1,0.3614658483139981,0.33626262181075023,0.3022715298752517
81797,,1,0.39649064403594947,0.31070736801966714,0.2928019879443834
88473,,1,0.386745213358125,0.2882015854839088,0.32505320115796627
65145,,1,0.3733524233095526,0.29587831706482587,0.3307692596256215
171223,,2,0.3201720040055198,0.4260740096373794,0.2537539863571008
60266,,2,0.3152285467692754,0.38637753469005237,0.29839391854067226
57308,,1,0.3732467217600703,0.28750805076468067,0.33924522747524893
137367,,1,0.37892777386113297,0.3309713027690397,0.29010092336982735
61376,,2,0.3058269184760103,0.3550721779117496,0.3391009036122402
149637,,2,0.27258484622232126,0.40839790623910033,0.3190172475385784
148535,,3,0.32688703899424854,0.317872283633456,0.3552406773722954
87327,,3,0.32045056149890244,0.26648156947610596,0.41306786902499154
71473,,1,0.3633146188477082,0.3266296416950126,0.31005573945727927
149633,,3,0.3068457169875358,0.3450985022808054,0.3480557807316588
110059,,2,0.34083559233268784,0.36148668610775364,0.29767772155955846
104573,,3,0.3373907808558232,0.30111668881480635,0.3614925303293704
134176,,2,0.2469736981593099,0.3799634254468325,0.37306287639385766
23973,,2,0.3526685404797502,0.35955418422266083,0.28777727529758895
12769,,3,0.2890248210242551,0.31053313985209335,0.40044203912365156
64739,,3,0.3625452857219789,0.23771370306427828,0.3997410112137428
172824,,1,0.39579001078862397,0.3397328345585333,0.2644771546528427
39305,,1,0.4018596690595475,0.2986826304221416,0.29945770051831083
118407,,2,0.3432865840524558,0.37347861303223157,0.2832348029153125
60076,,2,0.3288024395636004,0.36721245755362997,0.30398510288276964
155217,,3,0.30674479283218287,0.3246407618832122,0.3686144452846049
110605,,3,0.2891990327647916,0.2894009403754975,0.42140002685971095
62398,,3,0.3509544529522332,0.2752347113547457,0.37381083569302104
115384,,1,0.40454359247697746,0.26661613518202076,0.3288402723410018
187335,,1,0.348788150293307,0.3119091211765989,0.33930272853009413
64973,,1,0.4131628945417588,0.33304253696191854,0.25379456849632265
68903,,3,0.3171681454595728,0.32615562571029394,0.3566762288301332
173296,,3,0.257392642812427,0.35125543783863955,0.3913519193489333
160235,,3,0.31665942357925414,0.3370939397813692,0.3462466366393767
155812,,1,0.35020567919752094,0.3134391533165131,0.33635516748596594
118080,,1,0.3901829372411698,0.33250398287072136,0.27731307988810894
123907,,3,0.2955401709866718,0.2910593256389646,0.4134005033743637
134177,,2,0.316159640599344,0.3571024487234799,0.3267379106771761
151741,,3,0.3074194552843864,0.3066365470983412,0.3859439976172723
32742,,3,0.3352964920141116,0.31394800960047836,0.35075549838541015
108314,,1,0.3596116855141465,0.3260572997110994,0.31433101477475395
108589,,3,0.3271592398562066,0.3237944286130924,0.349046331530701
141701,,1,0.4092112466863858,0.27011686074922003,0.32067189256439416
94836,,3,0.33182616658369485,0.3132190477657382,0.35495478565056704
155367,,2,0.33681095950113754,0.37432682405611595,0.28886221644274646
70038,,2,0.26292941758630245,0.4095184172840381,0.3275521651296595
135329,,3,0.2863559823312511,0.3330442772505728,0.38059974041817607
120311,,1,0.42771649634638376,0.3026193531377189,0.26966415051589726
62639,,2,0.2959272363651151,0.388817516491848,0.315255247143037
103827,,2,0.2544439278437097,0.39248775398699204,0.3530683181692982
132124,,1,0.374393489473185,0.3379719523202269,0.28763455820658795
85676,,1,0.4051672492675117,0.26180263795680486,0.3330301127756835
108614,,1,0.4997496420520757,0.24703660919852796,0.25321374874939634
92162,,1,0.3692896865248891,0.354689909660539,0.2760204038145718
25494,,1,0.3810847370626703,0.30181264551104625,0.31710261742628343
106584,,2,0.33206686739315383,0.39054555924112294,0.27738757336572323
66811,,2,0.3608422390675704,0.37506079980323775,0.26409696112919184
149507,,3,0.3051753909815239,0.33784570658606394,0.35697890243241215
133243,,3,0.3526762502130112,0.21203915749099184,0.4352845922959969
108848,,1,0.45523178342883436,0.35929052825745045,0.1854776883137152
20402,,1,0.3793908306910661,0.2846799724567296,0.3359291968522044
118456,,2,0.37058568316947066,0.3889231501406496,0.24049116668987977
135022,,3,0.33285042901718126,0.32006604783838094,0.34708352314443786
18949,,3,0.3248027971001608,0.27917696872223036,0.3960202341776088
106562,,2,0.3368767010643297,0.3937902646511511,0.2693330342845191
96142,,3,0.3523236032386301,0.25532961607526483,0.39234678068610496
98890,,1,0.3965972218369501,0.31016532510722034,0.2932374530558295
30213,,1,0.391951483640309,0.28168636246809964,0.32636215389159134
15882,,1,0.40901971246653723,0.2640170274035387,0.3269632601299241
4030,2.0,3,0.32835608559469437,0.32476317413482303,0.34688074027048266
104207,,2,0.2841080691958872,0.42074554491334154,0.2951463858907713
159526,,2,0.35439749374795404,0.35813036788999825,0.28747213836204777
150464,,1,0.3538983734486568,0.31741293468280257,0.32868869186854066
93872,,3,0.3659064057754213,0.2067679312018049,0.4273256630227739
77464,,2,0.35514196007874266,0.3564776700089513,0.288380369912306
108345,,1,0.38604941848044294,0.31425642247525254,0.29969415904430446
149847,,2,0.3023658349174391,0.38479301632732116,0.3128411487552399
15936,,1,0.3528829741598895,0.31000558125358024,0.3371114445865302
58632,,3,0.33904644312848625,0.26579940643441224,0.39515415043710156
179336,,1,0.35872146237265407,0.3225432395233997,0.31873529810394624
96009,,1,0.3940991832155899,0.28581623561322533,0.3200845811711849
70129,,3,0.332973180726853,0.29772677011490173,0.3693000491582453
108658,,3,0.3457546966625823,0.2792969086676494,0.37494839466976837
86118,,1,0.39069313663798405,0.3037442908389685,0.3055625725230474
145751,,1,0.38584896064686475,0.34051313147046436,0.27363790788267095
85586,,3,0.3528936551059319,0.27729116216268557,0.36981518273138253
48450,,2,0.3036908873343632,0.40515254847758436,0.29115656418805236
64804,,3,0.32713754201314527,0.290641504228458,0.3822209537583967
102045,,3,0.33823436162792136,0.2935417149794292,0.3682239233926494
136001,,3,0.3364324964932372,0.298600977176382,0.36496652633038074
15718,,1,0.4085539381424341,0.24268664728262582,0.3487594145749401
16641,,1,0.3435818168435751,0.3392939254229592,0.31712425773346575
28159,,3,0.3321422475746584,0.28552596282450865,0.3823317896008331
57456,,1,0.36244287146486753,0.2947620077070154,0.3427951208281171
149411,,2,0.2795132313873931,0.39583952098153524,0.32464724763107156
20466,,3,0.32385303762257317,0.32230255471881847,0.3538444076586084
96484,,1,0.3807928330983645,0.2392666554905127,0.3799405114111228
136412,,1,0.400595926705873,0.25887230992107996,0.340531763373047
133615,,2,0.3494489205730108,0.3585122884670953,0.2920387909598938
32820,,1,0.35290163544089187,0.302461753993532,0.3446366105655762
92731,,1,0.39563498257793855,0.3318128900499815,0.27255212737207996
59443,,3,0.3540976105789722,0.27921080496779105,0.3666915844532367
59983,,1,0.3438592744728711,0.3271051621840434,0.3290355633430855
94653,,2,0.3348142050807908,0.3501688616647487,0.31501693325446045
149757,,2,0.23667608847220223,0.41193203637330444,0.3513918751544934
39275,,1,0.39521711487618305,0.2887077515201286,0.31607513360368833
127336,,1,0.39626633974313724,0.2366521027431462,0.3670815575137165
60487,,3,0.352269461161527,0.20817398459050204,0.43955655424797085
71964,,2,0.32334608685110056,0.36547550874604906,0.31117840440285033
171211,,1,0.42364459515688724,0.3032222153492912,0.2731331894938216
27285,,3,0.35737824865766993,0.23388829329121288,0.40873345805111727
175272,,3,0.27683314157610683,0.31254707134253723,0.41061978708135594
16425,,1,0.3830925677254731,0.26757598873375604,0.3493314435407708
13896,,3,0.3367683996542652,0.3169262879263877,0.34630531241934714
43429,,3,0.3147527242471447,0.2833429810362657,0.4019042947165896
75264,,1,0.43141904170481704,0.28400890384736893,0.2845720544478139
33826,,2,0.29334334055767486,0.3683100983760463,0.3383465610662789
135554,,1,0.3864443171537474,0.30359987114291126,0.3099558117033414
73996,,1,0.39770873252341127,0.28252833286344675,0.319762934613142
139106,,3,0.30901170386250815,0.2903388261216923,0.4006494700157995
110221,,1,0.41075414554380935,0.32040869377740416,0.2688371606787864
69733,,2,0.3102446721991239,0.4185240656483962,0.27123126215247995
71573,,1,0.36194254476768833,0.27743785602089216,0.3606195992114195
21891,,3,0.3101892435283891,0.3079341989574014,0.3818765575142095
95483,,1,0.44403457809003777,0.1867908319948115,0.3691745899151508
131294,,1,0.3763825278895924,0.3127382044188549,0.3108792676915526
98440,,1,0.40109330983352276,0.2816291230597456,0.3172775671067317
126521,,1,0.475088832284976,0.23143817054564192,0.29347299716938213
158088,,3,0.27538248611169547,0.3290226479139236,0.39559486597438087
96230,,3,0.28988169157498694,0.3249809862641391,0.38513732216087393
123532,,3,0.3146019288877961,0.1860449089512259,0.4993531621609779
108867,,1,0.3689172997600681,0.3317315164897229,0.299351183750209
116420,,3,0.34783751295521376,0.2601457102004315,0.3920167768443547
155373,,3,0.3229114812765489,0.27295465457485873,0.40413386414859237
101953,,2,0.2996952517482903,0.4166862204617779,0.2836185277899318
110204,,1,0.38660909651873604,0.31961758307088667,0.29377332041037735
55370,,1,0.3901265274200468,0.24527205079419578,0.3646014217857575
95845,,3,0.3337672107452765,0.319462773916897,0.3467700153378265
129468,,1,0.3413060083610498,0.3395207542090635,0.3191732374298866
42100,,2,0.27163905003452204,0.44049994817672944,0.2878610017887485
65048,,2,0.3221146746210929,0.3610440920760287,0.31684123330287833
27729,,3,0.3339489950009778,0.3171920010585095,0.34885900394051267
107840,,3,0.3346425930413683,0.3272700060625821,0.33808740089604955
118384,,2,0.2853365834689273,0.42396253719729693,0.2907008793337757
64694,,3,0.3006549806710532,0.3213186994028962,0.3780263199260506
151442,,3,0.31915724801451245,0.3208689196158594,0.3599738323696281
108761,,3,0.30273779357935626,0.3358894840615724,0.3613727223590713
41869,,1,0.3886542836194428,0.25582870549669595,0.35551701088386123
106596,,1,0.37785223551362296,0.26828731272735284,0.3538604517590242
113530,,3,0.34024358314461345,0.22581762257377277,0.43393879428161386
150677,,2,0.31346968225107974,0.34841882974663313,0.3381114880022872
153224,,1,0.35526493694532596,0.31433537770193387,0.33039968535274006
25090,,2,0.3132999938452191,0.38388271004060515,0.30281729611417585
172450,,3,0.34998157772666083,0.2908288918782965,0.3591895303950427
66430,,1,0.38795186532878023,0.25636342848111765,0.35568470619010223
15278,,1,0.38592073017396683,0.3480256356849169,0.2660536341411164
118192,,3,0.25456819244524237,0.35877974973143595,0.3866520578233217
174997,,2,0.3217061800639355,0.36889511483576204,0.30939870510030254
25783,,2,0.33993494267015567,0.3613939277057112,0.29867112962413306
136903,,1,0.4025834072571487,0.24770284740107848,0.3497137453417728
70579,,3,0.3316758535053293,0.29184042934120125,0.37648371715346957
116195,,1,0.35868331077501453,0.32121217498160054,0.3201045142433849
121044,,1,0.36799258083297515,0.3273338255679584,0.3046735935990665
133970,,3,0.320479000534032,0.3316656322757502,0.34785536719021776
123253,,1,0.41684749192997295,0.3023013846138594,0.28085112345616753
108748,,2,0.31732303170654547,0.3915358001927844,0.29114116810067003
2996,,3,0.35488756891314477,0.24073581940283156,0.40437661168402356
29277,,2,0.31381549535877706,0.3628176848802983,0.3233668197609246
150341,,3,0.33573674116424884,0.32039851225640936,0.3438647465793417
70254,,1,0.4398629406051752,0.26953598897397757,0.29060107042084726
134462,,3,0.32765378815532153,0.2773412169042609,0.3950049949404176
121225,,3,0.3520451023465866,0.26336783772635436,0.38458705992705916
89873,,1,0.40264368556262226,0.28722844516114737,0.3101278692762305
13251,,3,0.24693513746029647,0.34850189033563267,0.40456297220407084
29929,,1,0.3720066496769173,0.3649186693556958,0.263074680967387
81087,,1,0.4033567920194353,0.27225671784772876,0.3243864901328359
70182,,1,0.36464393951848345,0.2865076270143375,0.34884843346717903
4929,,1,0.36782408891125296,0.3426649642676619,0.28951094682108514
110271,,3,0.3323168437428584,0.2921320601572426,0.37555109609989906
170598,,1,0.40594884487546135,0.3542803777384478,0.23977077738609082
126983,,1,0.36091460033107586,0.30026935648011654,0.3388160431888077
59067,,3,0.3593711882014639,0.24229576585389614,0.39833304594463986
127295,,3,0.31673322766666595,0.3279865094802354,0.3552802628530987
131461,,1,0.4066932132179632,0.23337678752284755,0.3599299992591894
134673,,1,0.4094974978420443,0.2947206425522188,0.29578185960573683
152949,,1,0.3817532044423328,0.2396199785889979,0.37862681696866934
23512,,2,0.33266439077698945,0.41096432391885857,0.256371285304152
60856,,3,0.3418870913343059,0.2392707875112132,0.41884212115448083
112933,,1,0.4130743859732824,0.2761875375170532,0.31073807650966445
