idmatch,result_finish_match,result_finish_match_prediction,proba_win_1,proba_draw,proba_win_2
105933,,1,0.39,0.22,0.39
113655,,2,0.31,0.3933333333333333,0.2966666666666667
69416,,2,0.30333333333333334,0.38,0.31666666666666665
106450,,3,0.26,0.3566666666666667,0.38333333333333336
70647,,1,0.38333333333333336,0.29333333333333333,0.3233333333333333
87245,,3,0.3333333333333333,0.2966666666666667,0.37
61291,,1,0.36666666666666664,0.31333333333333335,0.32
102342,,1,0.37666666666666665,0.37333333333333335,0.25
45749,,1,0.3566666666666667,0.3,0.3433333333333333
113591,,1,0.36333333333333334,0.2833333333333333,0.35333333333333333
150032,,2,0.3,0.4633333333333333,0.23666666666666666
124298,,3,0.3566666666666667,0.2833333333333333,0.36
95334,,1,0.35,0.33,0.32
152833,,1,0.36,0.29333333333333333,0.3466666666666667
70267,,2,0.2833333333333333,0.37666666666666665,0.34
145927,,2,0.23666666666666666,0.4033333333333333,0.36
153045,,3,0.3233333333333333,0.32,0.3566666666666667
13151,,1,0.37666666666666665,0.2833333333333333,0.34
137662,,1,0.39666666666666667,0.25666666666666665,0.3466666666666667
120929,,2,0.37333333333333335,0.38666666666666666,0.24
151016,,3,0.27,0.34,0.39
64067,,1,0.35333333333333333,0.3333333333333333,0.31333333333333335
29825,,3,0.34,0.21,0.45
52443,,1,0.38333333333333336,0.32666666666666666,0.29
123289,,2,0.36,0.37333333333333335,0.26666666666666666
182363,,2,0.2633333333333333,0.41333333333333333,0.3233333333333333
69651,,2,0.2633333333333333,0.4,0.33666666666666667
61575,,1,0.3933333333333333,0.25666666666666665,0.35
63287,,3,0.3566666666666667,0.2633333333333333,0.38
16559,,3,0.32,0.24,0.44
135946,,1,0.3933333333333333,0.29333333333333333,0.31333333333333335
88827,,2,0.3333333333333333,0.34,0.32666666666666666
132827,,1,0.36,0.36,0.28
13177,,3,0.30333333333333334,0.30333333333333334,0.3933333333333333
107444,,1,0.36333333333333334,0.28,0.3566666666666667
110251,,2,0.27666666666666667,0.3933333333333333,0.33
136943,,3,0.32,0.25333333333333335,0.4266666666666667
132633,,1,0.39666666666666667,0.2833333333333333,0.32
159891,,2,0.3433333333333333,0.38,0.27666666666666667
105087,,2,0.2866666666666667,0.38,0.3333333333333333
120498,,2,0.33,0.3433333333333333,0.32666666666666666
106190,,3,0.33,0.26666666666666666,0.4033333333333333
21171,,3,0.31333333333333335,0.2866666666666667,0.4
43537,,2,0.33,0.36,0.31
140593,,1,0.4066666666666667,0.25,0.3433333333333333
127239,,3,0.29333333333333333,0.31666666666666665,0.39
84817,,3,0.3,0.2833333333333333,0.4166666666666667
140121,,1,0.41,0.37,0.22
140120,,3,0.30666666666666664,0.33666666666666667,0.3566666666666667
46988,,2,0.31666666666666665,0.4166666666666667,0.26666666666666666
135912,,2,0.29,0.37666666666666665,0.3333333333333333
72621,,3,0.3433333333333333,0.30333333333333334,0.35333333333333333
132975,,3,0.24333333333333335,0.31666666666666665,0.44
130070,,1,0.38666666666666666,0.3233333333333333,0.29
48330,,3,0.3333333333333333,0.3233333333333333,0.3433333333333333
136008,,3,0.29333333333333333,0.27,0.43666666666666665
102148,,2,0.25666666666666665,0.49,0.25333333333333335
153034,,2,0.37333333333333335,0.38,0.24666666666666667
151624,,3,0.34,0.23,0.43
167980,,1,0.38,0.3433333333333333,0.27666666666666667
63799,,1,0.34,0.33666666666666667,0.3233333333333333
12760,,3,0.3566666666666667,0.27666666666666667,0.36666666666666664
71667,,3,0.2866666666666667,0.3233333333333333,0.39
138207,,1,0.46,0.2,0.34
96863,,1,0.33666666666666667,0.33666666666666667,0.32666666666666666
71789,,2,0.2966666666666667,0.37666666666666665,0.32666666666666666
47426,,2,0.29333333333333333,0.43666666666666665,0.27
155321,,2,0.31,0.43333333333333335,0.25666666666666665
111916,,3,0.33666666666666667,0.2833333333333333,0.38
51798,,1,0.3933333333333333,0.2733333333333333,0.3333333333333333
73737,,3,0.35,0.29,0.36
72055,,2,0.32666666666666666,0.34,0.3333333333333333
13891,,2,0.27666666666666667,0.36666666666666664,0.3566666666666667
15640,,2,0.3466666666666667,0.37,0.2833333333333333
60053,,2,0.33,0.3933333333333333,0.27666666666666667
169176,,3,0.27,0.2866666666666667,0.44333333333333336
77505,,3,0.23666666666666666,0.32666666666666666,0.43666666666666665
66733,,1,0.36333333333333334,0.31666666666666665,0.32
113644,,3,0.3233333333333333,0.31333333333333335,0.36333333333333334
86101,,1,0.4533333333333333,0.2733333333333333,0.2733333333333333
108340,,3,0.35,0.28,0.37
99400,,3,0.35,0.29333333333333333,0.3566666666666667
106827,,2,0.28,0.37666666666666665,0.3433333333333333
171090,,3,0.35,0.2633333333333333,0.38666666666666666
69310,,1,0.37,0.29,0.34
96384,,2,0.3466666666666667,0.41333333333333333,0.24
78121,,3,0.31666666666666665,0.30666666666666664,0.37666666666666665
186687,,3,0.22666666666666666,0.37666666666666665,0.39666666666666667
110426,,3,0.2966666666666667,0.35,0.35333333333333333
88119,,1,0.37333333333333335,0.27,0.3566666666666667
106312,,2,0.30333333333333334,0.37666666666666665,0.32
145203,,2,0.29333333333333333,0.3566666666666667,0.35
154221,,1,0.4533333333333333,0.2633333333333333,0.2833333333333333
159743,,3,0.32,0.3333333333333333,0.3466666666666667
42099,,3,0.3333333333333333,0.26,0.4066666666666667
91611,,3,0.30666666666666664,0.3433333333333333,0.35
111112,,3,0.3466666666666667,0.29,0.36333333333333334
105503,,1,0.39,0.2866666666666667,0.3233333333333333
105129,,3,0.36,0.2733333333333333,0.36666666666666664
110323,,1,0.35333333333333333,0.3466666666666667,0.3
123406,,1,0.35,0.3333333333333333,0.31666666666666665
72580,,3,0.3,0.2866666666666667,0.41333333333333333
94838,,2,0.24333333333333335,0.41,0.3466666666666667
145716,,1,0.43333333333333335,0.24333333333333335,0.3233333333333333
20033,,3,0.3333333333333333,0.25,0.4166666666666667
73786,,1,0.38666666666666666,0.3,0.31333333333333335
45680,,1,0.4166666666666667,0.24,0.3433333333333333
138396,,3,0.2733333333333333,0.36,0.36666666666666664
106695,,1,0.4166666666666667,0.3233333333333333,0.26
25564,,2,0.2966666666666667,0.37333333333333335,0.33
113569,,3,0.26666666666666666,0.35,0.38333333333333336
25334,,3,0.3433333333333333,0.25333333333333335,0.4033333333333333
62680,,1,0.36666666666666664,0.30333333333333334,0.33
133879,,1,0.3466666666666667,0.31666666666666665,0.33666666666666667
110542,,2,0.2733333333333333,0.39666666666666667,0.33
97321,,1,0.3933333333333333,0.2733333333333333,0.3333333333333333
129890,,3,0.3466666666666667,0.29333333333333333,0.36
117046,,1,0.4266666666666667,0.31333333333333335,0.26
114408,,1,0.38333333333333336,0.27,0.3466666666666667
120941,,3,0.3233333333333333,0.26666666666666666,0.41
29670,,3,0.32,0.3,0.38
73339,,1,0.35,0.33,0.32
52448,,1,0.4266666666666667,0.32666666666666666,0.24666666666666667
48134,,1,0.39666666666666667,0.39,0.21333333333333335
20394,,3,0.37333333333333335,0.23666666666666666,0.39
64719,,1,0.39666666666666667,0.2966666666666667,0.30666666666666664
86286,,3,0.3233333333333333,0.33,0.3466666666666667
132026,,2,0.32,0.36666666666666664,0.31333333333333335
95835,,3,0.30333333333333334,0.33,0.36666666666666664
96717,,1,0.38,0.29333333333333333,0.32666666666666666
64922,,1,0.3933333333333333,0.24,0.36666666666666664
118414,,1,0.43,0.23,0.34
102387,,3,0.31,0.33,0.36
95555,,1,0.3433333333333333,0.32,0.33666666666666667
106593,,1,0.37,0.26666666666666666,0.36333333333333334
142903,,1,0.3566666666666667,0.29333333333333333,0.35
113560,,1,0.37333333333333335,0.31,0.31666666666666665
62173,,1,0.37,0.3466666666666667,0.2833333333333333
150542,,3,0.31666666666666665,0.31,0.37333333333333335
101455,,1,0.42,0.3,0.28
27954,,1,0.35,0.3233333333333333,0.32666666666666666
98154,,2,0.26666666666666666,0.42333333333333334,0.31
71475,,1,0.36,0.31666666666666665,0.3233333333333333
19441,,1,0.38666666666666666,0.26666666666666666,0.3466666666666667
24471,,3,0.3233333333333333,0.3233333333333333,0.35333333333333333
70348,,3,0.32666666666666666,0.25333333333333335,0.42
120337,,1,0.37333333333333335,0.3233333333333333,0.30333333333333334
117882,,1,0.39,0.28,0.33
101943,,3,0.27666666666666667,0.35333333333333333,0.37
110564,,2,0.24666666666666667,0.41,0.3433333333333333
2626,,1,0.37333333333333335,0.29,0.33666666666666667
71562,,1,0.36,0.3566666666666667,0.2833333333333333
51792,,2,0.31,0.36666666666666664,0.3233333333333333
55129,,1,0.4266666666666667,0.30666666666666664,0.26666666666666666
71456,,2,0.32,0.34,0.34
133433,,1,0.35,0.3,0.35
98169,,3,0.27666666666666667,0.32,0.4033333333333333
29689,,3,0.31,0.31666666666666665,0.37333333333333335
102054,,2,0.3333333333333333,0.37333333333333335,0.29333333333333333
148181,,3,0.34,0.31333333333333335,0.3466666666666667
111226,,2,0.29333333333333333,0.36333333333333334,0.3433333333333333
129549,,1,0.38666666666666666,0.30666666666666664,0.30666666666666664
106707,,1,0.37666666666666665,0.3,0.3233333333333333
149034,,3,0.30666666666666664,0.3433333333333333,0.35
177665,,1,0.3933333333333333,0.26,0.3466666666666667
47765,,2,0.33,0.37666666666666665,0.29333333333333333
104042,,3,0.3233333333333333,0.30666666666666664,0.37
74822,,3,0.24,0.26,0.5
55407,,3,0.34,0.30333333333333334,0.3566666666666667
74000,,1,0.37666666666666665,0.2866666666666667,0.33666666666666667
118944,,3,0.29,0.35333333333333333,0.3566666666666667
122876,,3,0.3566666666666667,0.2633333333333333,0.38
23309,,2,0.30666666666666664,0.3566666666666667,0.33666666666666667
32859,,3,0.30666666666666664,0.27,0.42333333333333334
152461,,3,0.31666666666666665,0.28,0.4033333333333333
106622,,1,0.38666666666666666,0.25666666666666665,0.3566666666666667
187520,,1,0.38666666666666666,0.36,0.25333333333333335
48573,,1,0.3566666666666667,0.29333333333333333,0.35
136738,,3,0.23333333333333334,0.34,0.4266666666666667
62159,,2,0.32666666666666666,0.39,0.2833333333333333
102203,,1,0.36,0.33,0.31
13848,,3,0.31333333333333335,0.32666666666666666,0.36
4021,,3,0.34,0.24,0.42
97218,,3,0.2833333333333333,0.3466666666666667,0.37
58397,,1,0.4033333333333333,0.3466666666666667,0.25
127455,,3,0.31,0.34,0.35
102083,,2,0.2966666666666667,0.39,0.31333333333333335
177188,,1,0.38,0.31,0.31
45468,,2,0.33666666666666667,0.37,0.29333333333333333
132988,,3,0.30666666666666664,0.3233333333333333,0.37
17665,,3,0.31333333333333335,0.2633333333333333,0.42333333333333334
171106,,1,0.38666666666666666,0.32,0.29333333333333333
103458,,2,0.32666666666666666,0.37333333333333335,0.3
59339,,1,0.4033333333333333,0.35333333333333333,0.24333333333333335
104325,,1,0.4033333333333333,0.25333333333333335,0.3433333333333333
122194,,1,0.34,0.3333333333333333,0.32666666666666666
120543,,3,0.3,0.32666666666666666,0.37333333333333335
149897,,1,0.37333333333333335,0.26666666666666666,0.36
120322,,2,0.34,0.3433333333333333,0.31666666666666665
61634,,1,0.37,0.2733333333333333,0.3566666666666667
4442,,3,0.27,0.3,0.43
81984,,1,0.36666666666666664,0.3233333333333333,0.31
64855,,1,0.39,0.28,0.33
66141,,3,0.31,0.31666666666666665,0.37333333333333335
55319,,2,0.26,0.44666666666666666,0.29333333333333333
133792,,2,0.32,0.38666666666666666,0.29333333333333333
123165,,3,0.24,0.34,0.42
39252,,3,0.26,0.25666666666666665,0.48333333333333334
134265,,1,0.3566666666666667,0.3466666666666667,0.2966666666666667
67863,,2,0.2866666666666667,0.4,0.31333333333333335
135118,,3,0.31333333333333335,0.26666666666666666,0.42
117066,,3,0.33,0.2966666666666667,0.37333333333333335
46487,,1,0.3466666666666667,0.34,0.31333333333333335
103901,,1,0.41,0.2633333333333333,0.32666666666666666
60527,,1,0.37666666666666665,0.3433333333333333,0.28
109806,,2,0.30333333333333334,0.38666666666666666,0.31
145700,,1,0.4,0.3233333333333333,0.27666666666666667
72554,,3,0.3,0.29,0.41
70206,,2,0.30666666666666664,0.39666666666666667,0.2966666666666667
85770,,3,0.3566666666666667,0.24666666666666667,0.39666666666666667
151026,,2,0.2733333333333333,0.37,0.3566666666666667
95087,,1,0.39666666666666667,0.25333333333333335,0.35
149621,,1,0.37333333333333335,0.3433333333333333,0.2833333333333333
91370,,2,0.32,0.3433333333333333,0.33666666666666667
33839,,3,0.32666666666666666,0.3233333333333333,0.35
99021,,2,0.32666666666666666,0.38,0.29333333333333333
124705,,3,0.35,0.27,0.38
127545,,1,0.36333333333333334,0.29333333333333333,0.3433333333333333
2548,,2,0.31666666666666665,0.35333333333333333,0.33
25503,,1,0.4266666666666667,0.2866666666666667,0.2866666666666667
94747,,2,0.3466666666666667,0.4066666666666667,0.24666666666666667
110591,,1,0.36,0.2866666666666667,0.35333333333333333
11691,,3,0.3233333333333333,0.25,0.4266666666666667
134569,,2,0.30666666666666664,0.38,0.31333333333333335
96573,,3,0.33666666666666667,0.31666666666666665,0.3466666666666667
106720,,3,0.29,0.35,0.36
89419,,1,0.3466666666666667,0.3333333333333333,0.32
95280,,1,0.37333333333333335,0.2833333333333333,0.3433333333333333
96580,,1,0.38333333333333336,0.27,0.3466666666666667
98112,,1,0.36333333333333334,0.34,0.2966666666666667
58916,,1,0.36,0.32,0.32
169465,,3,0.34,0.27,0.39
149274,,3,0.2966666666666667,0.32666666666666666,0.37666666666666665
49521,,1,0.36333333333333334,0.28,0.3566666666666667
70210,,1,0.35,0.33,0.32
148560,,3,0.29,0.34,0.37
136114,,2,0.2966666666666667,0.35333333333333333,0.35
110093,,3,0.31,0.23333333333333334,0.45666666666666667
13200,,3,0.2733333333333333,0.33,0.39666666666666667
46613,,1,0.35,0.35,0.3
148833,,1,0.37,0.3,0.33
170578,,3,0.31666666666666665,0.32,0.36333333333333334
56961,,3,0.3433333333333333,0.25333333333333335,0.4033333333333333
97207,,3,0.3566666666666667,0.26666666666666666,0.37666666666666665
25557,,2,0.33,0.37333333333333335,0.2966666666666667
152445,,1,0.41,0.27666666666666667,0.31333333333333335
92161,,1,0.37333333333333335,0.29,0.33666666666666667
24912,,1,0.38333333333333336,0.34,0.27666666666666667
106528,,3,0.3333333333333333,0.3,0.36666666666666664
113600,,2,0.25333333333333335,0.44,0.30666666666666664
120480,,3,0.3333333333333333,0.28,0.38666666666666666
3013,,3,0.3566666666666667,0.27666666666666667,0.36666666666666664
29554,,1,0.43666666666666665,0.25333333333333335,0.31
59015,,2,0.31,0.35,0.34
106886,,1,0.38666666666666666,0.30333333333333334,0.31
145612,,1,0.38666666666666666,0.2633333333333333,0.35
48530,,2,0.33,0.3466666666666667,0.3233333333333333
72697,,2,0.3333333333333333,0.4,0.26666666666666666
2609,,1,0.35333333333333333,0.33,0.31666666666666665
106516,,1,0.39,0.27,0.34
2989,,3,0.3,0.2966666666666667,0.4033333333333333
65542,,1,0.43333333333333335,0.26,0.30666666666666664
187357,,3,0.36333333333333334,0.24,0.39666666666666667
66672,,3,0.31333333333333335,0.2833333333333333,0.4033333333333333
121038,,1,0.3466666666666667,0.3233333333333333,0.33
159892,,3,0.31,0.34,0.35
143505,,2,0.36333333333333334,0.36666666666666664,0.27
151451,,2,0.2866666666666667,0.4,0.31333333333333335
71689,,1,0.34,0.32,0.34
63566,,3,0.37,0.25,0.38
64805,,1,0.38666666666666666,0.24666666666666667,0.36666666666666664
22723,,3,0.33666666666666667,0.23333333333333334,0.43
126297,,2,0.30666666666666664,0.36666666666666664,0.32666666666666666
62487,,2,0.3566666666666667,0.37,0.2733333333333333
134690,,1,0.35,0.30333333333333334,0.3466666666666667
97395,,1,0.4166666666666667,0.20666666666666667,0.37666666666666665
57106,,2,0.3233333333333333,0.3466666666666667,0.33
134109,,2,0.35333333333333333,0.42,0.22666666666666666
70672,,3,0.2833333333333333,0.33666666666666667,0.38
58245,,3,0.3433333333333333,0.3,0.3566666666666667
145104,,1,0.4033333333333333,0.3233333333333333,0.2733333333333333
15976,,3,0.36666666666666664,0.25333333333333335,0.38
108627,,1,0.41,0.33,0.26
19118,,1,0.38666666666666666,0.24333333333333335,0.37
25448,,1,0.36666666666666664,0.29,0.3433333333333333
105869,,3,0.30666666666666664,0.32666666666666666,0.36666666666666664
150454,,1,0.41,0.23666666666666666,0.35333333333333333
124716,,1,0.42,0.2633333333333333,0.31666666666666665
30221,,2,0.30333333333333334,0.38666666666666666,0.31
150597,,3,0.34,0.22333333333333333,0.43666666666666665
4780,,1,0.39666666666666667,0.3333333333333333,0.27
102645,,3,0.31333333333333335,0.31333333333333335,0.37333333333333335
145527,,1,0.39,0.23333333333333334,0.37666666666666665
108723,,2,0.31666666666666665,0.38666666666666666,0.2966666666666667
13888,,3,0.33666666666666667,0.29,0.37333333333333335
158840,,1,0.39666666666666667,0.25666666666666665,0.3466666666666667
121495,,3,0.34,0.26666666666666666,0.3933333333333333
99516,,3,0.3566666666666667,0.20333333333333334,0.44
19429,,3,0.35,0.25,0.4
97382,,3,0.36666666666666664,0.2633333333333333,0.37
118314,,3,0.36,0.22666666666666666,0.41333333333333333
132277,,1,0.35333333333333333,0.33,0.31666666666666665
151130,,3,0.3333333333333333,0.2966666666666667,0.37
138458,,3,0.28,0.33,0.39
137896,,1,0.37666666666666665,0.27666666666666667,0.3466666666666667
46790,,2,0.3333333333333333,0.39666666666666667,0.27
130229,,2,0.35,0.37666666666666665,0.2733333333333333
103810,,1,0.37,0.35333333333333333,0.27666666666666667
19523,,3,0.33666666666666667,0.24333333333333335,0.42
109297,,2,0.2966666666666667,0.4,0.30333333333333334
118160,,2,0.27,0.4166666666666667,0.31333333333333335
152906,,3,0.31333333333333335,0.29333333333333333,0.3933333333333333
106119,,3,0.30333333333333334,0.26666666666666666,0.43
118170,,2,0.34,0.4,0.26
13331,,3,0.33,0.24333333333333335,0.4266666666666667
134546,,1,0.37333333333333335,0.3233333333333333,0.30333333333333334
145265,,3,0.30333333333333334,0.27,0.4266666666666667
105136,,1,0.36333333333333334,0.32,0.31666666666666665
122886,,2,0.3433333333333333,0.3933333333333333,0.2633333333333333
183016,,1,0.4166666666666667,0.23666666666666666,0.3466666666666667
103666,,1,0.37666666666666665,0.33,0.29333333333333333
70172,,2,0.30333333333333334,0.3933333333333333,0.30333333333333334
30180,,3,0.32666666666666666,0.30666666666666664,0.36666666666666664
79888,,3,0.3333333333333333,0.30666666666666664,0.36
118417,,2,0.37,0.4033333333333333,0.22666666666666666
49590,,1,0.4066666666666667,0.3233333333333333,0.27
33009,,1,0.37666666666666665,0.32,0.30333333333333334
132295,,1,0.3466666666666667,0.3433333333333333,0.31
13157,,3,0.29,0.24,0.47
157950,,2,0.28,0.38666666666666666,0.3333333333333333
167878,,3,0.2866666666666667,0.34,0.37333333333333335
150092,,2,0.30666666666666664,0.36666666666666664,0.32666666666666666
38096,,3,0.33666666666666667,0.30333333333333334,0.36
145286,,2,0.32666666666666666,0.3466666666666667,0.32666666666666666
158057,,1,0.4033333333333333,0.29,0.30666666666666664
103733,,3,0.29,0.34,0.37
136878,,2,0.3566666666666667,0.42,0.22333333333333333
152857,,3,0.33666666666666667,0.27,0.3933333333333333
172615,,3,0.3433333333333333,0.2733333333333333,0.38333333333333336
152049,,3,0.2966666666666667,0.3233333333333333,0.38
105526,,3,0.31,0.32,0.37
151277,,3,0.30333333333333334,0.23666666666666666,0.46
59495,,3,0.31333333333333335,0.31,0.37666666666666665
98105,,1,0.39666666666666667,0.2633333333333333,0.34
108647,,3,0.27666666666666667,0.29,0.43333333333333335
5770,,3,0.31,0.2866666666666667,0.4033333333333333
145797,,1,0.4033333333333333,0.26666666666666666,0.33
95398,,1,0.4033333333333333,0.2966666666666667,0.3
108742,,1,0.34,0.3233333333333333,0.33666666666666667
106511,,2,0.36,0.4033333333333333,0.23666666666666666
124246,,1,0.44666666666666666,0.19333333333333333,0.36
151794,,3,0.30666666666666664,0.25,0.44333333333333336
122964,,1,0.36666666666666664,0.3233333333333333,0.31
61124,,3,0.34,0.2633333333333333,0.39666666666666667
11760,,3,0.32666666666666666,0.27666666666666667,0.39666666666666667
107131,,1,0.39,0.36333333333333334,0.24666666666666667
133960,,1,0.38666666666666666,0.3233333333333333,0.29
32904,,3,0.36666666666666664,0.2633333333333333,0.37
95091,,3,0.2633333333333333,0.32666666666666666,0.41
64789,,1,0.36,0.3,0.34
107715,,3,0.3433333333333333,0.29,0.36666666666666664
52896,,3,0.33,0.2866666666666667,0.38333333333333336
104312,,2,0.33,0.3566666666666667,0.31333333333333335
131099,,1,0.38,0.29333333333333333,0.32666666666666666
102933,,2,0.35,0.38,0.27
106636,,2,0.32666666666666666,0.3466666666666667,0.32666666666666666
151385,,2,0.33,0.38666666666666666,0.2833333333333333
155250,,2,0.2833333333333333,0.4166666666666667,0.3
159749,,2,0.34,0.38,0.28
97398,,3,0.31,0.30333333333333334,0.38666666666666666
154417,,3,0.35333333333333333,0.2633333333333333,0.38333333333333336
61068,,3,0.3233333333333333,0.30666666666666664,0.37
107963,,1,0.3433333333333333,0.31333333333333335,0.3433333333333333
109778,,2,0.34,0.43666666666666665,0.22333333333333333
176552,,3,0.32666666666666666,0.2966666666666667,0.37666666666666665
111722,,3,0.33,0.3333333333333333,0.33666666666666667
172695,,1,0.48333333333333334,0.31666666666666665,0.2
174617,,3,0.31333333333333335,0.31666666666666665,0.37
41768,,2,0.3333333333333333,0.34,0.32666666666666666
149960,,1,0.36666666666666664,0.2966666666666667,0.33666666666666667
70536,,3,0.3566666666666667,0.2633333333333333,0.38
74973,,2,0.36333333333333334,0.38,0.25666666666666665
148849,,1,0.37666666666666665,0.29333333333333333,0.33
158147,,2,0.30333333333333334,0.37666666666666665,0.32
86897,,2,0.32666666666666666,0.3433333333333333,0.33
153113,,3,0.21,0.31666666666666665,0.47333333333333333
133471,,2,0.33,0.41333333333333333,0.25666666666666665
90643,,3,0.32666666666666666,0.3333333333333333,0.34
134974,,2,0.25666666666666665,0.39666666666666667,0.3466666666666667
118189,,1,0.35,0.32666666666666666,0.3233333333333333
39414,,3,0.31666666666666665,0.31333333333333335,0.37
23190,,2,0.31333333333333335,0.35,0.33666666666666667
81797,,1,0.4166666666666667,0.22,0.36333333333333334
88473,,1,0.4,0.2866666666666667,0.31333333333333335
65145,,1,0.44,0.30333333333333334,0.25666666666666665
171223,,2,0.29,0.43,0.28
60266,,2,0.3433333333333333,0.35333333333333333,0.30333333333333334
57308,,1,0.35,0.34,0.31
137367,,3,0.24666666666666667,0.34,0.41333333333333333
61376,,3,0.25,0.36666666666666664,0.38333333333333336
149637,,3,0.24666666666666667,0.37333333333333335,0.38
148535,,1,0.3333333333333333,0.3333333333333333,0.3333333333333333
87327,,1,0.3566666666666667,0.31,0.3333333333333333
71473,,2,0.3233333333333333,0.37333333333333335,0.30333333333333334
149633,,1,0.35333333333333333,0.2966666666666667,0.35
110059,,1,0.36,0.3333333333333333,0.30666666666666664
104573,,1,0.35333333333333333,0.29333333333333333,0.35333333333333333
134176,,2,0.3233333333333333,0.34,0.33666666666666667
23973,,1,0.36666666666666664,0.2833333333333333,0.35
12769,,2,0.32666666666666666,0.35333333333333333,0.32
64739,,3,0.2833333333333333,0.2833333333333333,0.43333333333333335
172824,,2,0.25,0.5366666666666666,0.21333333333333335
39305,,2,0.31333333333333335,0.3466666666666667,0.34
118407,,1,0.36,0.33666666666666667,0.30333333333333334
60076,,2,0.28,0.42,0.3
155217,,3,0.31666666666666665,0.2833333333333333,0.4
110605,,3,0.3,0.25666666666666665,0.44333333333333336
62398,,3,0.31333333333333335,0.32,0.36666666666666664
115384,,1,0.35,0.31333333333333335,0.33666666666666667
187335,,1,0.35333333333333333,0.3333333333333333,0.31333333333333335
64973,,1,0.43666666666666665,0.36,0.20333333333333334
68903,,2,0.33666666666666667,0.3566666666666667,0.30666666666666664
173296,,2,0.28,0.38333333333333336,0.33666666666666667
160235,,3,0.26666666666666666,0.33,0.4033333333333333
155812,,1,0.3933333333333333,0.32,0.2866666666666667
118080,,1,0.4633333333333333,0.31,0.22666666666666666
123907,,1,0.36666666666666664,0.32,0.31333333333333335
134177,,2,0.2733333333333333,0.43666666666666665,0.29
151741,,3,0.3333333333333333,0.2833333333333333,0.38333333333333336
32742,,2,0.34,0.3466666666666667,0.31333333333333335
108314,,1,0.4033333333333333,0.31,0.2866666666666667
108589,,2,0.34,0.37,0.29
141701,,3,0.3233333333333333,0.3,0.37666666666666665
94836,,2,0.32,0.3466666666666667,0.3333333333333333
155367,,2,0.2866666666666667,0.4066666666666667,0.30666666666666664
70038,,3,0.29,0.35333333333333333,0.3566666666666667
135329,,3,0.31333333333333335,0.2633333333333333,0.42333333333333334
120311,,1,0.36333333333333334,0.28,0.3566666666666667
62639,,2,0.31333333333333335,0.43333333333333335,0.25333333333333335
103827,,2,0.31666666666666665,0.38666666666666666,0.2966666666666667
132124,,1,0.37333333333333335,0.27666666666666667,0.35
85676,,2,0.3333333333333333,0.36,0.30666666666666664
108614,,1,0.45666666666666667,0.22666666666666666,0.31666666666666665
92162,,2,0.31666666666666665,0.37666666666666665,0.30666666666666664
25494,,1,0.38,0.33,0.29
106584,,1,0.3933333333333333,0.36,0.24666666666666667
66811,,1,0.3466666666666667,0.3466666666666667,0.30666666666666664
149507,,2,0.31333333333333335,0.4066666666666667,0.28
133243,,3,0.3566666666666667,0.23666666666666666,0.4066666666666667
108848,,2,0.37666666666666665,0.39,0.23333333333333334
20402,,1,0.41333333333333333,0.32,0.26666666666666666
118456,,1,0.36333333333333334,0.33666666666666667,0.3
135022,,1,0.38,0.29,0.33
18949,,3,0.31,0.31666666666666665,0.37333333333333335
106562,,2,0.24,0.51,0.25
96142,,3,0.32,0.29,0.39
98890,,1,0.35333333333333333,0.3233333333333333,0.3233333333333333
30213,,3,0.39,0.21666666666666667,0.3933333333333333
15882,,2,0.32,0.35,0.33
4030,2.0,3,0.33,0.27666666666666667,0.3933333333333333
104207,,2,0.27,0.4666666666666667,0.2633333333333333
159526,,2,0.31333333333333335,0.4033333333333333,0.2833333333333333
150464,,1,0.36333333333333334,0.3233333333333333,0.31333333333333335
93872,,1,0.37666666666666665,0.26666666666666666,0.3566666666666667
77464,,2,0.28,0.37666666666666665,0.3433333333333333
108345,,1,0.38333333333333336,0.31,0.30666666666666664
149847,,1,0.3566666666666667,0.3433333333333333,0.3
15936,,2,0.2833333333333333,0.37666666666666665,0.34
58632,,1,0.49333333333333335,0.25333333333333335,0.25333333333333335
179336,,2,0.31666666666666665,0.3466666666666667,0.33666666666666667
96009,,3,0.30666666666666664,0.34,0.35333333333333333
70129,,3,0.2733333333333333,0.27666666666666667,0.45
108658,,3,0.32,0.27666666666666667,0.4033333333333333
86118,,3,0.25333333333333335,0.25333333333333335,0.49333333333333335
145751,,2,0.3,0.41333333333333333,0.2866666666666667
85586,,3,0.31666666666666665,0.25666666666666665,0.4266666666666667
48450,,2,0.24666666666666667,0.39,0.36333333333333334
64804,,3,0.3233333333333333,0.33,0.3466666666666667
102045,,3,0.2866666666666667,0.2833333333333333,0.43
136001,,3,0.32,0.30666666666666664,0.37333333333333335
15718,,1,0.38333333333333336,0.26,0.3566666666666667
16641,,2,0.27666666666666667,0.36666666666666664,0.3566666666666667
28159,,3,0.31333333333333335,0.2633333333333333,0.42333333333333334
57456,,3,0.3566666666666667,0.27,0.37333333333333335
149411,,3,0.34,0.31666666666666665,0.3433333333333333
20466,,1,0.37333333333333335,0.2966666666666667,0.33
96484,,1,0.4033333333333333,0.28,0.31666666666666665
136412,,1,0.36666666666666664,0.2866666666666667,0.3466666666666667
133615,,2,0.35,0.37333333333333335,0.27666666666666667
32820,,3,0.32,0.31,0.37
92731,,1,0.35333333333333333,0.3466666666666667,0.3
59443,,3,0.36,0.2733333333333333,0.36666666666666664
59983,,1,0.42,0.32666666666666666,0.25333333333333335
94653,,3,0.2733333333333333,0.3466666666666667,0.38
149757,,3,0.33,0.3333333333333333,0.33666666666666667
39275,,1,0.4633333333333333,0.29333333333333333,0.24333333333333335
127336,,1,0.4,0.29,0.31
60487,,3,0.3233333333333333,0.2633333333333333,0.41333333333333333
71964,,1,0.37,0.29,0.34
171211,,2,0.35333333333333333,0.38,0.26666666666666666
27285,,1,0.3566666666666667,0.3,0.3433333333333333
175272,,2,0.32666666666666666,0.37,0.30333333333333334
16425,,3,0.28,0.3466666666666667,0.37333333333333335
13896,,2,0.32,0.37666666666666665,0.30333333333333334
43429,,1,0.34,0.3233333333333333,0.33666666666666667
75264,,1,0.38666666666666666,0.29,0.3233333333333333
33826,,2,0.31,0.3933333333333333,0.2966666666666667
135554,,2,0.33666666666666667,0.3466666666666667,0.31666666666666665
73996,,3,0.32,0.32,0.36
139106,,3,0.29333333333333333,0.31666666666666665,0.39
110221,,1,0.38666666666666666,0.33,0.2833333333333333
69733,,2,0.30333333333333334,0.4266666666666667,0.27
71573,,2,0.2966666666666667,0.36666666666666664,0.33666666666666667
21891,,3,0.30666666666666664,0.2833333333333333,0.41
95483,,1,0.39,0.24,0.37
131294,,1,0.43,0.23333333333333334,0.33666666666666667
98440,,2,0.3333333333333333,0.38333333333333336,0.2833333333333333
126521,,1,0.4,0.29333333333333333,0.30666666666666664
158088,,3,0.29,0.32666666666666666,0.38333333333333336
96230,,2,0.29333333333333333,0.38,0.32666666666666666
123532,,3,0.32,0.24666666666666667,0.43333333333333335
108867,,3,0.3,0.2733333333333333,0.4266666666666667
116420,,3,0.32666666666666666,0.25666666666666665,0.4166666666666667
155373,,1,0.41,0.3433333333333333,0.24666666666666667
101953,,1,0.3566666666666667,0.30666666666666664,0.33666666666666667
110204,,1,0.4666666666666667,0.27666666666666667,0.25666666666666665
55370,,1,0.36666666666666664,0.2866666666666667,0.3466666666666667
95845,,2,0.32666666666666666,0.34,0.3333333333333333
129468,,1,0.37333333333333335,0.29,0.33666666666666667
42100,,2,0.31666666666666665,0.35,0.3333333333333333
65048,,2,0.26666666666666666,0.38666666666666666,0.3466666666666667
27729,,3,0.3333333333333333,0.3,0.36666666666666664
107840,,2,0.29,0.36666666666666664,0.3433333333333333
118384,,2,0.30666666666666664,0.3566666666666667,0.33666666666666667
64694,,1,0.3566666666666667,0.30333333333333334,0.34
151442,,2,0.2833333333333333,0.4033333333333333,0.31333333333333335
108761,,2,0.29,0.3566666666666667,0.35333333333333333
41869,,3,0.3466666666666667,0.2833333333333333,0.37
106596,,3,0.30666666666666664,0.30333333333333334,0.39
113530,,1,0.4033333333333333,0.27,0.32666666666666666
150677,,3,0.36,0.24333333333333335,0.39666666666666667
153224,,2,0.3233333333333333,0.39666666666666667,0.28
25090,,3,0.31333333333333335,0.3,0.38666666666666666
172450,,2,0.32,0.34,0.34
66430,,2,0.31333333333333335,0.36666666666666664,0.32
15278,,2,0.30333333333333334,0.38666666666666666,0.31
118192,,3,0.3,0.34,0.36
174997,,3,0.27,0.3333333333333333,0.39666666666666667
25783,,2,0.32666666666666666,0.37333333333333335,0.3
136903,,1,0.3566666666666667,0.32,0.3233333333333333
70579,,2,0.31333333333333335,0.38666666666666666,0.3
116195,,1,0.3466666666666667,0.33666666666666667,0.31666666666666665
121044,,1,0.3933333333333333,0.24,0.36666666666666664
133970,,1,0.35,0.3,0.35
123253,,1,0.4066666666666667,0.32666666666666666,0.26666666666666666
108748,,2,0.26,0.4066666666666667,0.3333333333333333
2996,,3,0.28,0.22,0.5
29277,,1,0.35333333333333333,0.3,0.3466666666666667
150341,,3,0.2633333333333333,0.31,0.4266666666666667
70254,,1,0.38666666666666666,0.32666666666666666,0.2866666666666667
134462,,1,0.37,0.28,0.35
121225,,3,0.34,0.2833333333333333,0.37666666666666665
89873,,1,0.4,0.30333333333333334,0.2966666666666667
13251,,3,0.26,0.32666666666666666,0.41333333333333333
29929,,2,0.3466666666666667,0.41333333333333333,0.24
81087,,1,0.4,0.29333333333333333,0.30666666666666664
70182,,1,0.42333333333333334,0.27666666666666667,0.3
4929,,3,0.29,0.32666666666666666,0.38333333333333336
110271,,3,0.25666666666666665,0.36333333333333334,0.38
170598,,2,0.29333333333333333,0.42333333333333334,0.2833333333333333
126983,,3,0.3,0.31,0.39
59067,,3,0.33666666666666667,0.25333333333333335,0.41
127295,,1,0.35333333333333333,0.32,0.32666666666666666
131461,,3,0.35333333333333333,0.22333333333333333,0.42333333333333334
134673,,3,0.36,0.27666666666666667,0.36333333333333334
152949,,3,0.3233333333333333,0.22333333333333333,0.4533333333333333
23512,,1,0.43,0.2633333333333333,0.30666666666666664
60856,,3,0.36,0.23666666666666666,0.4033333333333333
112933,,2,0.33,0.34,0.33
70019,,3,0.37,0.25,0.38
99112,,2,0.33,0.3566666666666667,0.31333333333333335
98195,,3,0.30333333333333334,0.2733333333333333,0.42333333333333334
136941,,1,0.41333333333333333,0.27666666666666667,0.31
71761,,1,0.43,0.35333333333333333,0.21666666666666667
168503,,1,0.47333333333333333,0.26666666666666666,0.26
98782,,1,0.36,0.2833333333333333,0.3566666666666667
15660,,1,0.3433333333333333,0.34,0.31666666666666665
32706,,1,0.38,0.32666666666666666,0.29333333333333333
38194,,2,0.3,0.4033333333333333,0.2966666666666667
85106,,3,0.27,0.33,0.4
23589,,3,0.35333333333333333,0.2833333333333333,0.36333333333333334
61506,,3,0.29,0.35333333333333333,0.3566666666666667
106305,,3,0.32666666666666666,0.31,0.36333333333333334
95817,,2,0.35333333333333333,0.37333333333333335,0.2733333333333333
175154,,1,0.5433333333333333,0.30666666666666664,0.15
71503,,3,0.24333333333333335,0.31,0.44666666666666666
112894,,1,0.44666666666666666,0.24333333333333335,0.31
59971,,1,0.39,0.29,0.32
66688,,3,0.30666666666666664,0.27,0.42333333333333334
111958,,3,0.2866666666666667,0.26666666666666666,0.44666666666666666
150449,,1,0.37,0.26666666666666666,0.36333333333333334
100861,,1,0.3933333333333333,0.2966666666666667,0.31
94792,,3,0.35333333333333333,0.24333333333333335,0.4033333333333333
99844,,1,0.33666666666666667,0.33,0.3333333333333333
104642,,3,0.3,0.32666666666666666,0.37333333333333335
74996,,2,0.3433333333333333,0.37666666666666665,0.28
70550,,3,0.2833333333333333,0.32,0.39666666666666667
75231,,1,0.36666666666666664,0.27666666666666667,0.3566666666666667
123299,,3,0.35,0.27,0.38
98991,,3,0.3,0.34,0.36
144428,,1,0.37,0.31666666666666665,0.31333333333333335
38494,,3,0.31333333333333335,0.3,0.38666666666666666
151133,,2,0.24333333333333335,0.4,0.3566666666666667
155198,,1,0.37333333333333335,0.29,0.33666666666666667
110534,,1,0.48,0.31,0.21
105841,,2,0.32666666666666666,0.42333333333333334,0.25
132163,,2,0.32,0.35333333333333333,0.32666666666666666
141024,,3,0.31666666666666665,0.2733333333333333,0.41
11687,,1,0.36666666666666664,0.30333333333333334,0.33
60082,,2,0.32,0.34,0.34
58793,,2,0.3333333333333333,0.33666666666666667,0.33
107836,,1,0.38333333333333336,0.26,0.3566666666666667
166816,,1,0.36333333333333334,0.33666666666666667,0.3
97206,,3,0.3433333333333333,0.30333333333333334,0.35333333333333333
116741,,3,0.3333333333333333,0.25,0.4166666666666667
59097,,1,0.4,0.28,0.32
20511,,1,0.38666666666666666,0.32,0.29333333333333333
100657,,3,0.3233333333333333,0.25,0.4266666666666667
118475,,1,0.37,0.33666666666666667,0.29333333333333333
32985,,1,0.4166666666666667,0.29333333333333333,0.29
173615,,1,0.36,0.3466666666666667,0.29333333333333333
87225,,1,0.36,0.32666666666666666,0.31333333333333335
170689,,2,0.30333333333333334,0.38,0.31666666666666665
104176,,3,0.33666666666666667,0.30666666666666664,0.3566666666666667
115192,,3,0.31333333333333335,0.27,0.4166666666666667
115956,,2,0.30666666666666664,0.39666666666666667,0.2966666666666667
100584,,1,0.4166666666666667,0.37333333333333335,0.21
3996,,3,0.33,0.29333333333333333,0.37666666666666665
58740,,1,0.3933333333333333,0.2733333333333333,0.3333333333333333
1475,,3,0.32,0.33666666666666667,0.3433333333333333
111724,,3,0.31333333333333335,0.31333333333333335,0.37333333333333335
132025,,3,0.26666666666666666,0.3333333333333333,0.4
95027,,2,0.33666666666666667,0.35,0.31333333333333335
105260,,2,0.29333333333333333,0.37,0.33666666666666667
4533,,3,0.27666666666666667,0.36,0.36333333333333334
108333,,2,0.3233333333333333,0.3933333333333333,0.2833333333333333
42103,,3,0.3233333333333333,0.3333333333333333,0.3433333333333333
103445,,1,0.36666666666666664,0.36666666666666664,0.26666666666666666
107523,,1,0.38666666666666666,0.29,0.3233333333333333
145912,,3,0.26666666666666666,0.27666666666666667,0.45666666666666667
100542,,1,0.36333333333333334,0.2833333333333333,0.35333333333333333
60361,,3,0.34,0.27666666666666667,0.38333333333333336
115177,,1,0.37666666666666665,0.25666666666666665,0.36666666666666664
106762,,1,0.35,0.33666666666666667,0.31333333333333335
126555,,1,0.37333333333333335,0.29333333333333333,0.3333333333333333
28944,,3,0.37666666666666665,0.23,0.3933333333333333
62090,,3,0.3333333333333333,0.24,0.4266666666666667
75004,,3,0.3333333333333333,0.31,0.3566666666666667
130274,,3,0.35333333333333333,0.26,0.38666666666666666
136776,,1,0.36,0.34,0.3
29984,,3,0.3333333333333333,0.29333333333333333,0.37333333333333335
5817,,2,0.30666666666666664,0.39,0.30333333333333334
109435,,1,0.43333333333333335,0.25666666666666665,0.31
15868,,1,0.4266666666666667,0.25333333333333335,0.32
156162,,3,0.34,0.3,0.36
93887,,2,0.27,0.43,0.3
96524,,1,0.36333333333333334,0.3466666666666667,0.29
75084,,1,0.3466666666666667,0.3233333333333333,0.33
132206,,3,0.3,0.32666666666666666,0.37333333333333335
105255,,1,0.44,0.29333333333333333,0.26666666666666666
42274,,1,0.37333333333333335,0.3333333333333333,0.29333333333333333
172652,,3,0.3333333333333333,0.31333333333333335,0.35333333333333333
56483,,1,0.37,0.32666666666666666,0.30333333333333334
118299,,3,0.31666666666666665,0.30333333333333334,0.38
60430,,2,0.3233333333333333,0.35333333333333333,0.3233333333333333
138013,,3,0.28,0.31666666666666665,0.4033333333333333
135169,,3,0.32,0.31,0.37
159916,,1,0.42,0.2866666666666667,0.29333333333333333
104153,,1,0.38,0.3333333333333333,0.2866666666666667
107814,,2,0.35333333333333333,0.37333333333333335,0.2733333333333333
118367,,2,0.3433333333333333,0.38333333333333336,0.2733333333333333
29938,,1,0.36,0.33,0.31
99681,,2,0.27666666666666667,0.4,0.3233333333333333
45570,,3,0.38666666666666666,0.21333333333333335,0.4
39359,,1,0.45,0.24666666666666667,0.30333333333333334
120714,,3,0.3,0.3,0.4
153272,,1,0.43666666666666665,0.24666666666666667,0.31666666666666665
43583,,1,0.35,0.32666666666666666,0.3233333333333333
96539,,3,0.33,0.29333333333333333,0.37666666666666665
27710,,3,0.30333333333333334,0.34,0.3566666666666667
121376,,1,0.35333333333333333,0.30333333333333334,0.3433333333333333
64673,,2,0.3566666666666667,0.36333333333333334,0.28
171228,,2,0.32666666666666666,0.4166666666666667,0.25666666666666665
70290,,1,0.39,0.2966666666666667,0.31333333333333335
61519,,3,0.32666666666666666,0.30666666666666664,0.36666666666666664
71494,,3,0.31666666666666665,0.3233333333333333,0.36
149425,,1,0.38333333333333336,0.32666666666666666,0.29
82684,,2,0.30666666666666664,0.43333333333333335,0.26
70542,,2,0.31,0.36333333333333334,0.32666666666666666
13390,,2,0.2733333333333333,0.38,0.3466666666666667
110347,,1,0.4033333333333333,0.23333333333333334,0.36333333333333334
163783,,2,0.32666666666666666,0.39666666666666667,0.27666666666666667
11746,,3,0.3233333333333333,0.31,0.36666666666666664
121378,,2,0.3466666666666667,0.37,0.2833333333333333
103683,,2,0.33666666666666667,0.36,0.30333333333333334
149021,,3,0.37333333333333335,0.24,0.38666666666666666
110669,,2,0.33666666666666667,0.42333333333333334,0.24
29961,,1,0.47,0.22333333333333333,0.30666666666666664
55443,,1,0.43333333333333335,0.3,0.26666666666666666
25014,,1,0.37333333333333335,0.3233333333333333,0.30333333333333334
4298,,3,0.31,0.3,0.39
155876,,1,0.37,0.36333333333333334,0.26666666666666666
110286,,3,0.3233333333333333,0.32666666666666666,0.35
32850,,1,0.38333333333333336,0.31333333333333335,0.30333333333333334
149456,,3,0.29,0.25333333333333335,0.45666666666666667
112270,,3,0.33666666666666667,0.2966666666666667,0.36666666666666664
152922,,3,0.3566666666666667,0.24666666666666667,0.39666666666666667
99435,,3,0.30666666666666664,0.33,0.36333333333333334
39327,,3,0.3433333333333333,0.2833333333333333,0.37333333333333335
97783,,3,0.31,0.3433333333333333,0.3466666666666667
118617,,1,0.35333333333333333,0.30333333333333334,0.3433333333333333
46623,,1,0.39666666666666667,0.26,0.3433333333333333
33809,,1,0.37,0.2966666666666667,0.3333333333333333
93015,,3,0.31333333333333335,0.32666666666666666,0.36
154623,,1,0.4066666666666667,0.3233333333333333,0.27
48010,,1,0.4,0.30666666666666664,0.29333333333333333
69140,,3,0.32666666666666666,0.2833333333333333,0.39
97371,,2,0.3433333333333333,0.36666666666666664,0.29
159640,,2,0.32666666666666666,0.38333333333333336,0.29
60121,,1,0.5366666666666666,0.27666666666666667,0.18666666666666668
59841,,1,0.35333333333333333,0.29333333333333333,0.35333333333333333
130803,,3,0.23666666666666666,0.33,0.43333333333333335
174935,,3,0.30666666666666664,0.31333333333333335,0.38
45039,,1,0.39,0.29,0.32
134242,,1,0.4,0.25333333333333335,0.3466666666666667
99661,,3,0.29333333333333333,0.31333333333333335,0.3933333333333333
57114,,3,0.3433333333333333,0.30333333333333334,0.35333333333333333
70833,,3,0.27,0.32666666666666666,0.4033333333333333
