idmatch,result_finish_match,result_finish_match_prediction,proba_win_1,proba_draw,proba_win_2
105933,,1,0.3422528803549146,0.3259159516046225,0.3318311680404629
113655,,3,0.32944986689634315,0.3227035764875274,0.34784655661612957
69416,,2,0.33129910787593,0.34452941020469613,0.3241714819193739
106450,,3,0.3427559954809305,0.2990297365532803,0.35821426796578915
70647,,3,0.33234943741009276,0.3298498514350373,0.3378007111548699
87245,,1,0.33848050304668026,0.32498743355755977,0.33653206339576
61291,,1,0.34835092725018046,0.3079557047832803,0.34369336796653926
102342,,1,0.33844635813380497,0.33511439388709086,0.3264392479791041
45749,,1,0.34469371109846214,0.3232635879122884,0.3320427009892495
113591,,1,0.34096430239337155,0.318226840250765,0.34080885735586336
150032,,1,0.34241705135691886,0.3337276726427061,0.32385527600037517
124298,,3,0.3290772365037931,0.30865703549178175,0.36226572800442525
95334,,2,0.32683537475348295,0.3417489517326877,0.3314156735138294
152833,,2,0.3257653804235762,0.34343608885780824,0.3307985307186155
70267,,1,0.3621883143077686,0.31108915216760846,0.32672253352462294
145927,,3,0.33489856584331246,0.3032876371949379,0.3618137969617496
153045,,3,0.340057608392394,0.31659757190258586,0.3433448197050203
13151,,1,0.3619727052115407,0.30579195792205455,0.33223533686640483
137662,,3,0.3455851023800527,0.308581211890304,0.3458336857296432
120929,,1,0.3562483975564446,0.315280119077253,0.3284714833663024
151016,,1,0.34733635434022947,0.32174312145611217,0.3309205242036584
64067,,1,0.3649139540815184,0.32457874425252786,0.3105073016659538
29825,,3,0.33877806855402537,0.3127290299670347,0.3484929014789399
52443,,1,0.34881641356761806,0.3168697209637127,0.3343138654686693
123289,,1,0.35376303639038775,0.3299520964219264,0.3162848671876858
182363,,2,0.3279228016038757,0.33866450575709955,0.33341269263902473
69651,,1,0.3429071174854036,0.3154418100028849,0.3416510725117115
61575,,1,0.3499263827830815,0.31172211513500936,0.3383515020819092
63287,,3,0.3401632154154074,0.3097458296743859,0.3500909549102068
16559,,3,0.33916252989644713,0.32153450739320016,0.33930296271035265
135946,,1,0.34199184597815013,0.32600199013515924,0.33200616388669063
88827,,3,0.3486824833693804,0.29570991960416687,0.3556075970264527
132827,,3,0.34490095743732807,0.2911071166728741,0.36399192588979784
13177,,1,0.3535154285059152,0.31319807623312806,0.33328649526095677
107444,,1,0.3445777620770586,0.31667518153514607,0.3387470563877953
110251,,3,0.3433453737517096,0.3024989016802755,0.354155724568015
136943,,1,0.34134486082128546,0.32741702277403034,0.3312381164046842
132633,,3,0.3255535480057201,0.3314806738149786,0.3429657781793014
159891,,3,0.33238952292308355,0.31411063505275044,0.353499842024166
105087,,3,0.3273475384757615,0.32714797427464165,0.3455044872495968
120498,,2,0.3315682684010404,0.34734202769331285,0.3210897039056466
106190,,3,0.3427041135463218,0.3115969164101217,0.34569897004355643
21171,,3,0.331933543982274,0.3273247863313545,0.3407416696863716
43537,,1,0.34415588800788693,0.31600046465770115,0.3398436473344118
140593,,2,0.3462226356933748,0.3685002965634136,0.28527706774321165
127239,,1,0.3461199679081925,0.31051278351377565,0.34336724857803197
84817,,1,0.33774837406898867,0.3298489550831435,0.33240267084786784
140121,,2,0.30573830290007403,0.3692137419382326,0.3250479551616933
140120,,3,0.34297141081438753,0.303303830426094,0.3537247587595184
46988,,1,0.36606512313241557,0.319628536311181,0.31430634055640344
135912,,3,0.3395165925553565,0.3043876285142354,0.3560957789304081
72621,,1,0.3442357494680872,0.322308777472596,0.3334554730593167
132975,,3,0.3463405039040568,0.3043138308308359,0.34934566526510724
130070,,3,0.3389624877637375,0.31437978479869294,0.3466577274375696
48330,,1,0.3786104961817807,0.2969426675318339,0.3244468362863854
136008,,1,0.3550115317567389,0.3222639250842539,0.3227245431590072
102148,,3,0.33255109169859226,0.3309244927778365,0.3365244155235712
153034,,2,0.34063752170604655,0.3470829985648014,0.31227947972915193
151624,,1,0.34952616662730146,0.33205691371889207,0.31841691965380653
167980,,1,0.3654450691774472,0.335394998869538,0.29915993195301493
63799,,2,0.3403733970374925,0.34135109634739846,0.31827550661510906
12760,,3,0.3352773755843491,0.2999686948700125,0.3647539295456385
71667,,1,0.348517988426988,0.3135715525941349,0.33791045897887717
138207,,3,0.34228364268463896,0.31327228176027394,0.3444440755550871
96863,,1,0.34692751210431694,0.3167951701060552,0.336277317789628
71789,,3,0.33725684094697134,0.31725839998795335,0.34548475906507525
47426,,1,0.34948283053535906,0.3168067365465934,0.33371043291804753
155321,,1,0.36740878275999095,0.3133272564103288,0.3192639608296802
111916,,1,0.34536342430011696,0.32022410736129037,0.33441246833859267
51798,,1,0.343404872632084,0.3248652148276716,0.33172991254024436
73737,,2,0.3049298856314972,0.37997946829713625,0.31509064607136644
72055,,3,0.3414915340416918,0.3045629543862536,0.3539455115720546
13891,,1,0.34853823955063806,0.31255511719183093,0.33890664325753095
15640,,1,0.3411248015404198,0.3329315107286154,0.3259436877309649
60053,,3,0.3383901524216143,0.3167934693169165,0.3448163782614691
169176,,1,0.3492349045389737,0.3338884401770452,0.31687665528398096
77505,,3,0.3407101263228257,0.31637380699342,0.34291606668375424
66733,,1,0.33996134883926593,0.3381598847609381,0.3218787663997959
113644,,3,0.32414988826083924,0.32656606033109575,0.34928405140806507
86101,,2,0.3075903699525197,0.346505188995171,0.3459044410523094
108340,,1,0.35158318197997773,0.3099984528965526,0.33841836512346973
99400,,3,0.33974415650226575,0.3053188021047753,0.354937041392959
106827,,3,0.33003016178408956,0.3213965790266341,0.3485732591892764
171090,,3,0.3372712328648596,0.311172879387244,0.3515558877478965
69310,,1,0.3487266074002899,0.31940779364134536,0.3318655989583647
96384,,2,0.33805324178079826,0.35644896343292354,0.30549779478627825
78121,,1,0.34908581179394155,0.31671850674351293,0.3341956814625455
186687,,3,0.3209708199079683,0.33229143138998946,0.34673774870204227
110426,,2,0.3390214123044806,0.33989810696717915,0.32108048072834033
88119,,1,0.3439465535870042,0.3184655542699543,0.3375878921430416
106312,,1,0.3494728028560671,0.3180249738635381,0.33250222328039475
145203,,1,0.3447683303241493,0.31863283315762075,0.33659883651822997
154221,,1,0.34580207355122694,0.32003275198549874,0.33416517446327426
159743,,2,0.3383809389999945,0.3483860469612393,0.31323301403876624
42099,,1,0.3521181459068516,0.3193243296164488,0.32855752447669956
91611,,3,0.34702606400873315,0.30158772600771705,0.35138620998354975
111112,,1,0.3519131794866223,0.3040391270685437,0.344047693444834
105503,,1,0.34440804976331685,0.33286840228221587,0.32272354795446745
105129,,3,0.338123600753781,0.31655691045529,0.34531948879092894
110323,,1,0.35409482759429733,0.307536477235458,0.33836869517024454
123406,,2,0.3346153354098455,0.3432193462257172,0.3221653183644374
72580,,1,0.35146398488130765,0.30429086379169035,0.3442451513270022
94838,,1,0.34532945057806935,0.3149311144355609,0.33973943498636977
145716,,3,0.35008862932536494,0.29459009361902133,0.3553212770556137
20033,,1,0.34500243583396417,0.3147540358908971,0.34024352827513876
73786,,1,0.3534542146385096,0.31850243646414145,0.3280433488973489
45680,,1,0.3445885332360287,0.33087846677242805,0.3245329999915432
138396,,3,0.3423684384014763,0.3035042449868816,0.3541273166116421
106695,,1,0.3507092393280985,0.3210943703536766,0.32819639031822484
25564,,3,0.34508895253424854,0.30975730457303835,0.34515374289271317
113569,,1,0.3395312764820313,0.325677439790809,0.33479128372715966
25334,,1,0.3392532882437648,0.3318459603469145,0.3289007514093207
62680,,3,0.3330389721055665,0.31054765979382143,0.35641336810061225
133879,,1,0.34265079304729107,0.332597133245927,0.32475207370678194
110542,,1,0.34585851872813944,0.30965854456515124,0.34448293670670926
97321,,3,0.3334323781196607,0.2969617853772887,0.36960583650305057
129890,,3,0.336560202087508,0.3137256981720769,0.349714099740415
117046,,1,0.3526007163684579,0.3190633879097795,0.3283358957217625
114408,,3,0.345081156845413,0.3008001648219902,0.35411867833259686
120941,,1,0.35021798127689807,0.3065477726249636,0.3432342460981383
29670,,3,0.33591169443636487,0.3195403696524603,0.3445479359111748
73339,,3,0.3392987592452851,0.3057573671993783,0.3549438735553367
52448,,1,0.36191457889412637,0.3104917595561498,0.3275936615497238
48134,,1,0.34287250213527753,0.32969560918325297,0.32743188868146955
20394,,2,0.3383211405966096,0.34357505624458884,0.3181038031588016
64719,,1,0.35878027206105684,0.31038852074498874,0.3308312071939543
86286,,1,0.3520311463574319,0.31180849737685995,0.33616035626570817
132026,,3,0.34635042883411477,0.30172431861966653,0.35192525254621865
95835,,3,0.3442040675079454,0.30908268236363307,0.34671325012842147
96717,,2,0.31316842459794986,0.34609269465274267,0.34073888074930747
64922,,1,0.3393992493533679,0.32349378405077683,0.33710696659585526
118414,,1,0.34894030678319493,0.30792437238941617,0.343135320827389
102387,,1,0.34540362630745375,0.3134080122596295,0.3411883614329167
95555,,2,0.3297695722309813,0.3538129250789921,0.31641750269002666
106593,,1,0.3518646914668662,0.3179710627905796,0.3301642457425542
142903,,1,0.341568680675878,0.33788683918061496,0.32054448014350706
113560,,2,0.3325023864077696,0.33967747809828336,0.32782013549394706
62173,,2,0.335010815696839,0.3574445621217877,0.3075446221813734
150542,,1,0.35680249442888484,0.3160857073088754,0.32711179826223974
101455,,1,0.3369772842218621,0.3269415764608066,0.33608113931733136
27954,,1,0.3489831452083067,0.3352060855308595,0.3158107692608339
98154,,3,0.34237721316699293,0.3116142838652636,0.34600850296774355
71475,,3,0.3351106411094546,0.3193403160094252,0.34554904288112015
19441,,3,0.3359708763659033,0.3095474354526553,0.35448168818144143
24471,,1,0.3439773656003322,0.3144731118548826,0.3415495225447854
70348,,1,0.3451007376597145,0.3137045645209639,0.34119469781932155
120337,,1,0.35407846384426855,0.3109046983601225,0.3350168377956089
117882,,3,0.32654605227182926,0.32582057352474464,0.3476333742034261
101943,,1,0.3470426407986521,0.3368847123603914,0.3160726468409564
110564,,3,0.33882054431548003,0.32175696910523016,0.33942248657928986
2626,,3,0.3364440345646396,0.314092660162117,0.34946330527324354
71562,,1,0.3597444197127721,0.32886466155044086,0.31139091873678715
51792,,1,0.3486094560601888,0.3327652980066403,0.3186252459331709
55129,,1,0.3450376948629119,0.3181494111972675,0.3368128939398206
71456,,2,0.33940149350322685,0.3487347064275114,0.31186380006926173
133433,,1,0.3478081017139027,0.30439587596439094,0.34779602232170637
98169,,1,0.34759579351609804,0.3148950471404465,0.33750915934345543
29689,,1,0.34954671212008914,0.32505428438533646,0.32539900349457435
102054,,1,0.3493491951546133,0.3336298621633264,0.31702094268206027
148181,,3,0.3458324547049108,0.29124723712006,0.3629203081750292
111226,,1,0.3457744151966344,0.3117726682149011,0.3424529165884646
129549,,3,0.3355350031248958,0.3284464245259703,0.3360185723491339
106707,,1,0.34638946528765663,0.32445554364042717,0.32915499107191626
149034,,3,0.3441812065930937,0.3067728112127809,0.3490459821941254
177665,,1,0.3613748398386653,0.3249564296263326,0.31366873053500216
47765,,3,0.33586321693562005,0.3233593706803561,0.34077741238402387
104042,,1,0.33932801574828986,0.3304971367706453,0.3301748474810649
74822,,1,0.3523242872493999,0.29802036220622186,0.34965535054437813
55407,,1,0.3377607344508282,0.33012161574040577,0.332117649808766
74000,,1,0.3447992344923579,0.32172942479891425,0.3334713407087278
118944,,1,0.34879281268010065,0.3121028263244684,0.33910436099543095
122876,,1,0.35460653754608445,0.30067024158002525,0.34472322087389023
23309,,1,0.3402820708768253,0.3321265927129229,0.32759133641025173
32859,,3,0.3462633362771063,0.3044611012733251,0.34927556244956864
152461,,3,0.33450228324182013,0.32422659665769954,0.34127112010048033
106622,,3,0.3322116904654866,0.3065634315861968,0.3612248779483166
187520,,1,0.3563628338348566,0.3164665565465773,0.3271706096185659
48573,,3,0.3400341150629169,0.3109726005194618,0.3489932844176213
136738,,3,0.33950622617526804,0.31497955119046234,0.34551422263426973
62159,,1,0.3481164087480273,0.32751373381049625,0.32436985744147645
102203,,1,0.343348839299989,0.3226842596451365,0.33396690105487453
13848,,1,0.35258436988834746,0.29922825372695605,0.3481873763846963
4021,,3,0.3403765950673195,0.3082183217820143,0.3514050831506663
97218,,3,0.33626365208836884,0.32482300460959035,0.33891334330204076
58397,,1,0.3480168814507654,0.3083779397941846,0.3436051787550501
127455,,1,0.35118391947176036,0.33146064565437344,0.317355434873866
102083,,1,0.34840049672054146,0.33628003055377903,0.3153194727256795
177188,,3,0.3286956978069939,0.33211034085359814,0.339193961339408
45468,,2,0.3374755140612028,0.34195082966990764,0.3205736562688895
132988,,1,0.3452696861919295,0.313434705402142,0.34129560840592854
17665,,3,0.33443655666579514,0.3290169028796032,0.3365465404546016
171106,,1,0.35062884439957165,0.33208994876714765,0.31728120683328087
103458,,1,0.3417065176625705,0.3376318376455283,0.32066164469190117
59339,,3,0.3370784131762813,0.32192874060609555,0.3409928462176232
104325,,1,0.3520889321231048,0.30264673691818483,0.3452643309587103
122194,,1,0.3426327735703593,0.3280295752971303,0.3293376511325104
120543,,1,0.3483966375096249,0.33087266482648264,0.32073069766389256
149897,,1,0.3443019678652761,0.32475571188403646,0.3309423202506874
120322,,2,0.3272245196933132,0.3491563092827323,0.3236191710239546
61634,,1,0.34926022314386185,0.3178492222762331,0.33289055457990513
4442,,1,0.3414166981936026,0.3255538272859596,0.3330294745204378
81984,,1,0.3480816731969741,0.32522699860624577,0.3266913281967801
64855,,3,0.32849445649971104,0.3150271138305971,0.3564784296696918
66141,,1,0.3393676386342946,0.32139673283973375,0.33923562852597167
55319,,1,0.3501566430466321,0.32212050151133753,0.32772285544203045
133792,,1,0.3394863222948549,0.33000270020529376,0.3305109774998513
123165,,1,0.3462697760411594,0.31599588962616987,0.3377343343326707
39252,,3,0.3506772324568635,0.2786104691018228,0.37071229844131365
134265,,1,0.3509851921041494,0.3244453561012056,0.3245694517946449
67863,,3,0.3379407710546113,0.31100267731291525,0.3510565516324735
135118,,1,0.3473332798849539,0.3318430358835074,0.3208236842315387
117066,,3,0.34530210717026044,0.3020284586645552,0.3526694341651843
46487,,3,0.341850880415777,0.30449461256882204,0.353654507015401
103901,,3,0.3308152287678415,0.3181221514801482,0.35106261975201036
60527,,1,0.34423385245761035,0.3220564770661236,0.33370967047626615
109806,,1,0.3562786666389765,0.3128438576088644,0.3308774757521591
145700,,1,0.3556370983760666,0.31674820318140706,0.32761469844252633
72554,,1,0.35375611421533565,0.31192539321694085,0.3343184925677235
70206,,1,0.35254224995588057,0.322569363463064,0.32488838658105545
85770,,3,0.3460176842958473,0.29553607161990275,0.35844624408425
151026,,1,0.3381818177544777,0.32862385337614863,0.3331943288693737
95087,,3,0.33226310600090614,0.3224271814657914,0.34530971253330245
149621,,3,0.3283576438008874,0.32614637320968204,0.34549598298943046
91370,,1,0.3471061706706292,0.31901847784470855,0.33387535148466224
33839,,1,0.34708674141666157,0.3290595605485015,0.3238536980348369
99021,,1,0.35848560988253464,0.3523842843530739,0.28913010576439147
124705,,3,0.31560198353731816,0.3349068611500968,0.3494911553125852
127545,,3,0.3410233864467749,0.30640889680982275,0.3525677167434023
2548,,1,0.356172581242763,0.3164293944377127,0.3273980243195243
25503,,3,0.318600595430853,0.32948828302817734,0.35191112154096965
94747,,1,0.3489337479259666,0.3159979720302433,0.33506828004378997
110591,,1,0.34947915937470286,0.3163495251309911,0.3341713154943059
11691,,3,0.33074778701362545,0.3274402739369885,0.34181193904938606
134569,,1,0.3605268119978842,0.316690429544748,0.3227827584573677
96573,,3,0.3284992212999198,0.3177858297485928,0.3537149489514874
106720,,3,0.3397158828786219,0.3042853240697142,0.3559987930516638
89419,,3,0.33091690736649565,0.3309255920773414,0.33815750055616306
95280,,3,0.3443023065192913,0.30388458761174797,0.3518131058689608
96580,,3,0.32512445220773906,0.32420035923501683,0.35067518855724417
98112,,1,0.3566483404428211,0.33171885598171696,0.31163280357546186
58916,,3,0.34044174085771073,0.3165986754692289,0.3429595836730605
169465,,3,0.32517259086441286,0.32502297364573396,0.3498044354898532
149274,,1,0.35025288085292894,0.32418362024355685,0.3255634989035142
49521,,1,0.33817637643147236,0.3346829561730246,0.3271406673955029
70210,,3,0.33563444792097485,0.32767604730553584,0.3366895047734893
148560,,1,0.3444793272851119,0.3251386092107152,0.330382063504173
136114,,3,0.3331746527541982,0.3217493269726363,0.34507602027316536
110093,,3,0.34818448013046677,0.29619818964027655,0.3556173302292566
13200,,1,0.34994687271699637,0.3187996488606994,0.3312534784223043
46613,,1,0.3528687189486323,0.3064853286515171,0.34064595239985074
148833,,1,0.3472563245415125,0.3068187280475724,0.34592494741091523
170578,,3,0.3230960227135469,0.332186670949837,0.34471730633661596
56961,,3,0.32380714473758926,0.3172128007364384,0.35898005452597226
97207,,3,0.3318784748422737,0.3068090426251103,0.3613124825326159
25557,,1,0.34634211638262763,0.3303020736536365,0.3233558099637358
152445,,1,0.3443374029049522,0.3167691720829693,0.33889342501207853
92161,,3,0.3418489416534403,0.2890898566825995,0.36906120166396017
24912,,1,0.35797091756570176,0.30950524095008286,0.33252384148421543
106528,,1,0.3466791746266699,0.31923457798106325,0.3340862473922669
113600,,3,0.3313872166385708,0.3293562636134868,0.33925651974794235
120480,,1,0.34701413034333867,0.321982976712313,0.3310028929443483
3013,,1,0.3593116891631024,0.2994968293936333,0.34119148144326433
29554,,1,0.3452772845732846,0.323144741967803,0.3315779734589124
59015,,3,0.3300568849223042,0.32061351309584807,0.34932960198184776
106886,,1,0.3401405511057688,0.3290815958074458,0.33077785308678537
145612,,3,0.34125305431439945,0.31447156744923893,0.3442753782363617
48530,,1,0.34680482566263177,0.3141901839554881,0.33900499038188
72697,,1,0.3429889582669092,0.32449156313180016,0.33251947860129066
2609,,1,0.3422211673345361,0.3327359215224828,0.32504291114298106
106516,,1,0.33896272594142074,0.32989532184070347,0.33114195221787573
2989,,3,0.34633951843123284,0.30354167562288065,0.3501188059458865
65542,,1,0.3482972795045938,0.3197735321991777,0.3319291882962285
187357,,1,0.3426298027932121,0.32069793834762056,0.33667225885916735
66672,,1,0.3630732399116434,0.29185026877008585,0.3450764913182706
121038,,1,0.3508545462848237,0.3420148949122839,0.30713055880289253
159892,,1,0.3390257663805995,0.3245783109013457,0.3363959227180548
143505,,1,0.34378631650320435,0.3293461311351194,0.3268675523616762
151451,,1,0.3427274485419359,0.3261265442421366,0.33114600721592746
71689,,3,0.3378656750660263,0.32215019917772686,0.3399841257562468
63566,,3,0.33018090086359625,0.3319320339791578,0.33788706515724587
64805,,1,0.3501394252827837,0.3228018083630789,0.3270587663541375
22723,,1,0.3488241967035828,0.32611648734421333,0.325059315952204
126297,,2,0.3382917190871986,0.3383060792415296,0.3234022016712718
62487,,1,0.354007095607075,0.3080462130825902,0.33794669131033483
134690,,3,0.33478323083570244,0.31894574242918516,0.34627102673511245
97395,,1,0.348272074819596,0.30775188795842084,0.34397603722198317
57106,,1,0.35050447428224063,0.3121594382090881,0.33733608750867133
134109,,1,0.3464227718279627,0.33389601813562486,0.3196812100364124
70672,,3,0.3458376634110534,0.30265416413936364,0.35150817244958305
58245,,3,0.3452892548116884,0.3028133480582038,0.3518973971301079
145104,,1,0.3496287044748216,0.3169242668679406,0.33344702865723774
15976,,3,0.34056819125910304,0.3179580592981715,0.34147374944272535
108627,,1,0.35642034167025766,0.32360838991021906,0.3199712684195234
19118,,1,0.3471036344492371,0.31308521846037013,0.33981114709039273
25448,,1,0.34926958177611434,0.32166389641536774,0.32906652180851786
105869,,1,0.34111165973247504,0.3231057878933936,0.33578255237413135
150454,,1,0.3611844137947385,0.3065619782049752,0.33225360800028625
124716,,1,0.3674043338573697,0.315534601291854,0.3170610648507762
30221,,1,0.3454848499260983,0.3318336920315797,0.32268145804232207
150597,,3,0.32544102411980763,0.32021337881277473,0.3543455970674175
4780,,1,0.3527102862559381,0.32226777388565175,0.3250219398584102
102645,,1,0.34282505926610746,0.32756863398874253,0.32960630674515007
145527,,3,0.3422917774420531,0.31408897441649886,0.3436192481414481
108723,,1,0.3446362097507334,0.33054019931581835,0.32482359093344826
13888,,2,0.33072255851240095,0.33848037616654264,0.33079706532105646
158840,,3,0.33211631605541386,0.32019979371953405,0.3476838902250521
121495,,3,0.3468755390159448,0.29456148847127916,0.35856297251277597
99516,,1,0.34704785156006007,0.31725276612158854,0.3356993823183514
19429,,1,0.3434575499462132,0.3152076598917845,0.34133479016200236
97382,,1,0.3556924515208112,0.30499486643621754,0.33931268204297127
118314,,1,0.3443775309926666,0.31410347193120924,0.34151899707612415
132277,,1,0.3485153460622842,0.31838273988594185,0.3331019140517739
151130,,1,0.34186458095314937,0.3383089757647159,0.3198264432821348
138458,,1,0.34262083938913107,0.31498809843126646,0.34239106217960247
137896,,1,0.3414961290271356,0.32517750152214275,0.3333263694507216
46790,,2,0.3194915685360394,0.3455798765505192,0.33492855491344137
130229,,1,0.3450548720131051,0.32688978756239834,0.32805534042449663
103810,,1,0.34340534949796886,0.31614954790941824,0.3404451025926129
19523,,3,0.3401567436009836,0.3123580702422639,0.34748518615675256
109297,,3,0.3424932920816166,0.31401223694972724,0.34349447096865604
118160,,3,0.3363211600307579,0.3214877386570018,0.3421911013122403
152906,,3,0.338903874543256,0.3058050120958953,0.35529111336084856
106119,,1,0.34952900676389587,0.31111180627780816,0.33935918695829587
118170,,1,0.3435050985519659,0.31861258192328507,0.33788231952474895
13331,,1,0.34233074669451163,0.319181245815399,0.33848800749008945
134546,,3,0.33314240619954605,0.3205537903061783,0.34630380349427564
145265,,1,0.3401164933898349,0.3202431936370779,0.3396403129730871
105136,,3,0.3435376805422804,0.31058152122387805,0.3458807982338415
122886,,1,0.36390548216603874,0.317136838243135,0.31895767959082616
183016,,1,0.342494476621411,0.3213660005235995,0.3361395228549895
103666,,1,0.3551234221454056,0.31221421573751573,0.33266236211707856
70172,,1,0.33904511972010737,0.33218424067045876,0.32877063960943387
30180,,1,0.3503769061231527,0.3182492227936839,0.33137387108316335
79888,,2,0.33387094807123746,0.33498693077920794,0.3311421211495545
118417,,1,0.3375469256435673,0.336216889957938,0.32623618439849467
49590,,1,0.3561838953398083,0.2974195623031341,0.3463965423570575
33009,,3,0.3349507516950941,0.31887425047779455,0.34617499782711136
132295,,1,0.36466161428383387,0.3150220240291909,0.32031636168697525
13157,,1,0.34981694355625154,0.3027600220066856,0.347423034437063
157950,,3,0.3140067493027638,0.33391903892171754,0.35207421177551873
167878,,3,0.32780838677176805,0.3200434924849883,0.35214812074324353
150092,,3,0.3324618025382028,0.32642531161321264,0.3411128858485845
38096,,1,0.3489703695889726,0.31018965890129746,0.34083997150972994
145286,,2,0.30579828050500596,0.37311778854330324,0.3210839309516908
158057,,1,0.34327625083147656,0.31694305391169725,0.3397806952568262
103733,,3,0.33530395015474185,0.3284067712426778,0.3362892786025804
136878,,1,0.35986379259468687,0.33310685726174677,0.3070293501435663
152857,,2,0.3278260657121627,0.34624164335432533,0.32593229093351206
172615,,1,0.34362360141996234,0.3311320756254193,0.3252443229546184
152049,,3,0.3329940834857359,0.3019854654663588,0.36502045104790537
105526,,1,0.34745364648077665,0.32137423156015354,0.3311721219590699
151277,,3,0.33088430851445505,0.31642462316819375,0.35269106831735114
59495,,1,0.3385383973868607,0.32507948501577655,0.3363821175973628
98105,,1,0.35667359556718287,0.3086835978918824,0.33464280654093487
108647,,1,0.34556341349939484,0.3158318445114312,0.33860474198917384
5770,,1,0.3489087424312695,0.3348381818194711,0.31625307574925937
145797,,3,0.3350704280738714,0.326045861526609,0.3388837103995197
95398,,3,0.3367233355816646,0.2962841437604072,0.3669925206579283
108742,,1,0.3430626990236656,0.3241999866115474,0.332737314364787
106511,,1,0.34259502737906744,0.33147695311597225,0.3259280195049603
124246,,3,0.33930405294350857,0.32040967446421686,0.34028627259227445
151794,,1,0.35193956084315114,0.3164874304199207,0.3315730087369282
122964,,3,0.3419688186059043,0.31201891023200345,0.34601227116209243
61124,,3,0.33545219470765075,0.3152505974888337,0.34929720780351553
11760,,1,0.3355922094266785,0.33049594515605313,0.33391184541726837
107131,,1,0.34245903410576106,0.32552061001907173,0.3320203558751672
133960,,1,0.34979914038795556,0.32774014929874157,0.3224607103133029
32904,,1,0.35048281990273805,0.32462481822925027,0.3248923618680117
95091,,2,0.3237406264753547,0.3403775879333361,0.33588178559130927
64789,,1,0.3519147858149957,0.3254872847113012,0.322597929473703
107715,,3,0.34698049530155345,0.29763847155494016,0.3553810331435063
52896,,3,0.33987822333506806,0.3103315029529473,0.3497902737119846
104312,,1,0.33949043407975527,0.32698294737706407,0.33352661854318066
131099,,3,0.34408631662871797,0.3104581214684056,0.3454555619028763
102933,,3,0.31572465463335636,0.33857559049205477,0.34569975487458887
106636,,1,0.3539473470238522,0.3325366863366238,0.3135159666395241
151385,,3,0.32639039753925625,0.332308067920628,0.3413015345401157
155250,,2,0.3458503991332519,0.3473783241439477,0.3067712767228004
159749,,1,0.344260952999255,0.3232126990957292,0.3325263479050158
97398,,1,0.35994001515966767,0.304399822603063,0.3356601622372693
154417,,3,0.3320836176983296,0.32041298746654884,0.34750339483512155
61068,,3,0.3445166141443357,0.2879483195472897,0.36753506630837474
107963,,1,0.354830654452298,0.32270693718537097,0.3224624083623311
109778,,1,0.3432396311455433,0.3385193492165353,0.3182410196379214
176552,,1,0.33836668935666936,0.32838772996251386,0.33324558068081667
111722,,1,0.35374200624056346,0.3103903370243291,0.33586765673510743
172695,,3,0.3368902584778195,0.32608619325069227,0.3370235482714882
174617,,3,0.32870092698424314,0.31920934014840935,0.3520897328673475
41768,,1,0.3577272051889426,0.32042977890259866,0.3218430159084587
149960,,3,0.34418615865197755,0.3041263466282305,0.35168749471979194
70536,,3,0.3087234644086066,0.3394618083507943,0.35181472724059903
74973,,1,0.3476171724061192,0.34394025721315774,0.30844257038072304
148849,,3,0.3397256713350162,0.32006063144016955,0.34021369722481426
158147,,3,0.33169030938474103,0.3232671135061929,0.34504257710906605
86897,,1,0.3560883061805847,0.3000124274360131,0.3438992663834022
153113,,3,0.3382004932184684,0.30462095162038366,0.3571785551611479
133471,,1,0.34253445089487816,0.3324047782549021,0.3250607708502198
90643,,3,0.3340650466407077,0.32998054312025055,0.33595441023904166
134974,,3,0.341369148848847,0.3036703840447749,0.3549604671063782
118189,,1,0.3549972469838436,0.32990875591664304,0.31509399709951336
39414,,1,0.36029565308228323,0.3050032273891369,0.3347011195285799
23190,,3,0.3202510774719312,0.3368189953790751,0.3429299271489936
81797,,3,0.3441859624353545,0.30911058295359817,0.34670345461104735
88473,,1,0.3556938872701899,0.3053755361699677,0.3389305765598423
65145,,2,0.326153921891274,0.33904919039617876,0.33479688771254734
171223,,1,0.34061482636610463,0.3356164001947988,0.3237687734390966
60266,,1,0.3483531589979291,0.3190344747669193,0.33261236623515145
57308,,1,0.34428185539526757,0.321107648047872,0.3346104965568603
137367,,1,0.34469130390992675,0.31833213679469763,0.3369765592953756
61376,,3,0.33103449939426965,0.33224219602008787,0.3367233045856425
149637,,2,0.3459730667514515,0.37035438950041855,0.28367254374813
148535,,1,0.3438834255887367,0.3314184728371335,0.32469810157412976
87327,,1,0.3484369127944837,0.3074560371890992,0.3441070500164173
71473,,1,0.34541670574789096,0.326321395049419,0.3282618992026901
149633,,1,0.35150883492482904,0.3143423519019437,0.33414881317322725
110059,,1,0.3505658358431077,0.32059189023133766,0.3288422739255546
104573,,3,0.33976492146147197,0.3157512115110258,0.3444838670275022
134176,,3,0.3342162363415235,0.32203666456550845,0.343747099092968
23973,,1,0.33911205796129607,0.32982410011632785,0.3310638419223761
12769,,1,0.34584159034647066,0.3240329838504297,0.3301254258030996
64739,,1,0.3595474562089144,0.29056802651248537,0.34988451727860037
172824,,1,0.34893112364622475,0.31857406414744144,0.3324948122063337
39305,,1,0.3598959164299958,0.31032084732919146,0.3297832362408128
118407,,1,0.3390227444213836,0.3269594747567576,0.33401778082185885
60076,,1,0.3434461300901989,0.3253305372590071,0.3312233326507939
155217,,1,0.34437687309340753,0.32656717752673775,0.3290559493798547
110605,,3,0.33972717551901743,0.31865823875902416,0.3416145857219585
62398,,1,0.35598389845837886,0.3044192755062077,0.3395968260354133
115384,,3,0.34083117232973165,0.31171253111180425,0.3474562965584641
187335,,2,0.3368459500416289,0.3404127224366555,0.32274132752171564
64973,,2,0.3369113852166448,0.3423813185395759,0.3207072962437793
68903,,3,0.330854147347966,0.3148371374641754,0.3543087151878586
173296,,1,0.34460134809376464,0.33175041911344566,0.3236482327927897
160235,,3,0.329753826408459,0.31535676576832883,0.35488940782321216
155812,,2,0.3316966814265439,0.33894170694782094,0.3293616116256351
118080,,3,0.3413709878810201,0.31273160531165395,0.34589740680732606
123907,,3,0.34252669345316983,0.308107205394581,0.34936610115224925
134177,,3,0.3482076071191886,0.30106045568338957,0.3507319371974219
151741,,3,0.3412988538087918,0.31476898227880284,0.34393216391240533
32742,,3,0.3325946549560813,0.3134108088020794,0.3539945362418393
108314,,3,0.33733203979594795,0.32265127206792366,0.3400166881361284
108589,,1,0.34421392380824756,0.31162824955051277,0.3441578266412397
141701,,1,0.3589838722179878,0.29931670168774865,0.34169942609426374
94836,,3,0.3332643895830778,0.31952006118111775,0.3472155492358045
155367,,1,0.3490241764312407,0.33321514032717015,0.31776068324158907
70038,,2,0.3296602145224388,0.349677431263691,0.32066235421387024
135329,,1,0.33787443105562814,0.3256079076900101,0.33651766125436183
120311,,1,0.3593245329112847,0.3253554475217905,0.3153200195669247
62639,,3,0.33898567186470624,0.3130674667652557,0.347946861370038
103827,,3,0.3337515971488736,0.3263657729050432,0.33988262994608326
132124,,1,0.34285627852203876,0.3231909415070906,0.3339527799708707
85676,,3,0.34282711891895534,0.31001124396080215,0.3471616371202424
108614,,1,0.3568204523979443,0.3175224205185279,0.3256571270835279
92162,,2,0.33065974814419,0.34471721072551187,0.324623041130298
25494,,3,0.33852525163968533,0.317820955213641,0.34365379314667366
106584,,2,0.3372574787693398,0.3382279103591863,0.3245146108714739
66811,,1,0.35217015174449223,0.31369173672061307,0.33413811153489476
149507,,3,0.33954228106070694,0.3133587695906223,0.34709894934867075
133243,,3,0.34103750245749304,0.3129063206504088,0.3460561768920981
108848,,1,0.34126383500855056,0.34052542531844304,0.31821073967300645
20402,,3,0.32667996990966214,0.310270266962028,0.36304976312831
118456,,1,0.3443894450619021,0.32629740738388047,0.32931314755421753
135022,,1,0.3348416011520977,0.33055031699180887,0.33460808185609336
18949,,3,0.33468009999191994,0.3300611588773834,0.3352587411306967
106562,,1,0.34808153412981,0.32604947843340815,0.32586898743678183
96142,,3,0.3286248498296055,0.3162779266797294,0.355097223490665
98890,,1,0.3553597567614462,0.32686755514068505,0.31777268809786885
30213,,1,0.350313336940813,0.31666935520232126,0.3330173078568658
15882,,1,0.35130991317272664,0.312594859442365,0.3360952273849084
4030,2.0,2,0.34280380329027643,0.34404616512614594,0.31315003158357774
104207,,3,0.3331266388764891,0.324975099174003,0.3418982619495079
159526,,1,0.3388464288978694,0.32665430643219534,0.3344992646699353
150464,,1,0.3413219301760477,0.32092984494503723,0.337748224878915
93872,,2,0.33044945103112106,0.33597476589906294,0.33357578306981606
77464,,1,0.34423690491313536,0.3238922018976926,0.33187089318917207
108345,,1,0.353870412652832,0.30541063136658786,0.34071895598058005
149847,,3,0.32515221004895195,0.32161403367679614,0.35323375627425185
15936,,1,0.3495350443325532,0.3273822549531564,0.32308270071429035
58632,,3,0.33662068125127587,0.31585175104666524,0.3475275677020588
179336,,1,0.3475106660372678,0.32122527399469436,0.33126405996803787
96009,,3,0.33707131721435896,0.3219555014767907,0.34097318130885046
70129,,1,0.34058289692922783,0.3188471597655756,0.34056994330519663
108658,,1,0.34835106135523924,0.31623026122386455,0.33541867742089615
86118,,3,0.3362656800960953,0.31340232447722105,0.3503319954266836
145751,,1,0.3525360131128623,0.33540439460198723,0.31205959228515057
85586,,1,0.3502109151419622,0.3075449145734032,0.3422441702846348
48450,,2,0.33763929439726176,0.35018998828504994,0.31217071731768825
64804,,1,0.3478718427200236,0.31855766136374747,0.33357049591622906
102045,,1,0.34267453940228554,0.32554143772821975,0.3317840228694947
136001,,1,0.3476888631804887,0.3179200269805598,0.33439110983895154
15718,,1,0.3496954187261022,0.31741509642183074,0.332889484852067
16641,,1,0.3518196678193574,0.3314715200414938,0.31670881213914887
28159,,3,0.33807390598395054,0.3190257166818922,0.34290037733415724
57456,,1,0.3488042499896771,0.30905118023799777,0.3421445697723252
149411,,2,0.32746894164075946,0.3420429414496418,0.3304881169095988
20466,,1,0.3412026835143643,0.32149818785584855,0.33729912862978706
96484,,3,0.3461501241986963,0.3042933439196698,0.34955653188163405
136412,,3,0.3491668307711658,0.3003963509318105,0.35043681829702367
133615,,1,0.3354371840618505,0.3310701293181295,0.33349268662001996
32820,,1,0.36100572562653055,0.3095520686482057,0.3294422057252638
92731,,3,0.3365702463616661,0.32674148436846084,0.3366882692698731
59443,,3,0.33569054395682507,0.3124509172920056,0.3518585387511693
59983,,1,0.3451681524167777,0.3223627261349665,0.33246912144825574
94653,,1,0.3439838591710393,0.3303293328889036,0.3256868079400571
149757,,1,0.34036707969676966,0.3333937731925321,0.3262391471106983
39275,,1,0.3559014463245342,0.3174733689381507,0.32662518473731506
127336,,3,0.3306724301806711,0.3130308484051195,0.35629672141420926
60487,,1,0.35084141045663775,0.30860396687556263,0.3405546226677996
71964,,2,0.3310356776335433,0.35005440660323145,0.3189099157632252
171211,,1,0.3501602037085754,0.3122219829842855,0.33761781330713914
27285,,3,0.3314662627037939,0.3034183916287711,0.365115345667435
175272,,1,0.34616097726751943,0.31129355065666564,0.3425454720758149
16425,,1,0.34554264403567025,0.32540378591334423,0.32905357005098557
13896,,1,0.3370376451346088,0.33549001099412284,0.3274723438712683
43429,,3,0.3472207694487947,0.3045402100595023,0.3482390204917029
75264,,1,0.3544024891523458,0.3038995123612433,0.3416979984864109
33826,,3,0.3406495048110933,0.3181935107227373,0.3411569844661694
135554,,3,0.3396400644643557,0.31365706939704674,0.3467028661385976
73996,,1,0.3476601439445954,0.32396702219369333,0.3283728338617114
139106,,1,0.3491054303096351,0.3135122717239689,0.3373822979663962
110221,,1,0.3473857333416529,0.3312645831570314,0.3213496835013156
69733,,1,0.34975408303520206,0.3193555061358773,0.3308904108289207
71573,,1,0.3547366962562315,0.3129245844602328,0.33233871928353587
21891,,1,0.3581236960792255,0.30975831405203924,0.3321179898687353
95483,,3,0.3422831584570058,0.2992837513326376,0.35843309021035646
131294,,1,0.34824345336214696,0.32949107922750576,0.3222654674103473
98440,,1,0.34157353137163415,0.32154163371704403,0.3368848349113217
126521,,1,0.35843281387397935,0.3100593884801222,0.3315077976458984
158088,,1,0.3516954793180524,0.3075193609805255,0.3407851597014221
96230,,2,0.3246223220970286,0.3423337965640283,0.3330438813389432
123532,,1,0.3606680310522323,0.28511640437143476,0.3542155645763329
108867,,1,0.33974940601195863,0.3273815329653917,0.3328690610226497
116420,,3,0.338494054031133,0.3028005868109477,0.3587053591579192
155373,,1,0.35427141598679374,0.3075015848198329,0.3382269991933734
101953,,1,0.3395073863376494,0.3294754371993334,0.33101717646301715
110204,,1,0.35224431856451527,0.3349403851802858,0.31281529625519894
55370,,1,0.34428933977274373,0.3146990544959571,0.3410116057312992
95845,,1,0.34712094163538804,0.320924075803392,0.3319549825612198
129468,,1,0.35086895691060616,0.3287053295423842,0.3204257135470096
42100,,1,0.34547469983145535,0.3412523261311418,0.31327297403740284
65048,,2,0.3307987372198979,0.34239447474440965,0.3268067880356924
27729,,3,0.3372309116613657,0.31499328684770106,0.3477758014909332
107840,,1,0.3478045147831014,0.3166976651875069,0.3354978200293917
118384,,1,0.3452417168706153,0.3292486467907889,0.32550963633859575
64694,,2,0.31894721233947904,0.3494489682208321,0.331603819439689
151442,,3,0.3400944567779341,0.3158521260683095,0.34405341715375654
108761,,2,0.3352462799060225,0.3482189378420663,0.31653478225191106
41869,,1,0.35369557760724063,0.29631746242371104,0.3499869599690483
106596,,1,0.35083121866157463,0.3171394985173432,0.33202928282108224
113530,,3,0.32676710347459076,0.3101988676073178,0.3630340289180914
150677,,1,0.3494923162313161,0.32822858802020327,0.3222790957484805
153224,,3,0.34050269737231204,0.3155363955888922,0.3439609070387958
25090,,2,0.3349098704225841,0.34763051154152347,0.31745961803589234
172450,,3,0.3395797418585313,0.2983748296710958,0.362045428470373
66430,,1,0.348955778383446,0.30538939722261876,0.3456548243939353
15278,,2,0.3047478936526676,0.36946856861793836,0.325783537729394
118192,,2,0.36352091051943636,0.390020188904679,0.24645890057588465
174997,,1,0.3450967186669933,0.32229185841022234,0.3326114229227844
25783,,1,0.3435465458180024,0.322232169790279,0.3342212843917185
136903,,1,0.35008787351261844,0.3197224743813061,0.3301896521060756
70579,,3,0.33973582474685515,0.30469564924252246,0.3555685260106224
116195,,3,0.34400775448543686,0.3100811099046262,0.3459111356099369
121044,,1,0.3499643288782366,0.32139806965438805,0.3286376014673755
133970,,3,0.340485594792203,0.3137445210879365,0.3457698841198606
123253,,1,0.34563438766004706,0.3223904328950161,0.33197517944493676
108748,,1,0.34708501875408365,0.31690202421257946,0.3360129570333369
2996,,1,0.36107569431523867,0.3069097152643953,0.3320145904203661
29277,,3,0.33743977438763995,0.31751805913735104,0.34504216647500896
150341,,3,0.33097344101461584,0.31810677556080874,0.3509197834245754
70254,,1,0.36067913054178935,0.3069164454632133,0.3324044239949974
134462,,1,0.3450481931517842,0.3233800911887668,0.3315717156594491
121225,,1,0.35492344303393925,0.3153814652132465,0.32969509175281425
89873,,3,0.3327737745570288,0.310114887175755,0.35711133826721625
13251,,3,0.33757014943762526,0.31583080491893484,0.3465990456434398
29929,,1,0.34243648699725815,0.3181813202758567,0.33938219272688513
81087,,1,0.34171121753847733,0.3239441069773033,0.33434467548421937
70182,,3,0.3469822381993626,0.3038662685450609,0.3491514932555765
4929,,3,0.33635922354677195,0.3249456289596878,0.33869514749354024
110271,,3,0.3514221161380435,0.2956791977078375,0.35289868615411896
170598,,1,0.36261992932201303,0.33576604906112073,0.3016140216168663
126983,,3,0.33314863487452384,0.3198425559792806,0.34700880914619553
59067,,3,0.3415742252722102,0.29409410839807176,0.3643316663297179
127295,,3,0.34445958609335564,0.3004315622869444,0.3551088516197002
131461,,3,0.342485897786611,0.30194804616422716,0.35556605604916197
134673,,1,0.35012558260049387,0.317754517841886,0.33211989955762006
152949,,1,0.350401276991251,0.3177266779857141,0.33187204502303486
23512,,1,0.3502262680531938,0.32889936938818753,0.32087436255861856
60856,,3,0.33526064252676496,0.2981030126417551,0.3666363448314801
112933,,1,0.3490926011421991,0.31748799092774793,0.333419407930053
70019,,3,0.2990484066263083,0.33779198660209075,0.3631596067716009
