idmatch,result_finish_match,result_finish_match_prediction,proba_win_1,proba_draw,proba_win_2
47765,,1,0.36977307795303194,0.30874535899239314,0.3214815630545749
15848,,1,0.37383441033758064,0.2832627357867782,0.34290285387564123
102453,,1,0.36545145340948026,0.3092303108730762,0.3253182357174436
123683,,1,0.368480004578391,0.3134301437956145,0.3180898516259946
27475,,1,0.3730675369444184,0.2902272889284064,0.33670517412717527
58689,,1,0.375446625011703,0.2824996304147204,0.3420537445735764
11765,,1,0.37494439819847586,0.3059486964840707,0.3191069053174534
111668,,1,0.341109232554782,0.32652718187168384,0.3323635855735341
15224,,3,0.34834089194223994,0.30004498221292963,0.3516141258448306
135836,,1,0.37591630986575253,0.28791048229993543,0.3361732078343121
60303,,1,0.38305807475692605,0.29403648227643436,0.3229054429666396
152240,,1,0.3752214028007974,0.3026534288364836,0.3221251683627189
59023,,1,0.37744942490735955,0.2864879501234033,0.3360626249692373
66450,,1,0.3693684302933078,0.2982847685719958,0.3323468011346963
42103,,1,0.36908100197432553,0.312036449393564,0.3188825486321104
111760,,1,0.38026915269912936,0.29012168904189317,0.32960915825897746
112089,,1,0.3724845478802357,0.28776187494441996,0.33975357717534443
64780,,1,0.38377968899437676,0.2969160834318119,0.31930422757381144
38200,,1,0.34976367182089274,0.32094581569088726,0.32929051248822006
103697,,1,0.37656513027862354,0.2873884794207691,0.33604639030060734
30126,,1,0.3739877063584316,0.28499458598751154,0.341017707654057
96579,,1,0.36751061782094574,0.28669815382001046,0.3457912283590438
24772,,3,0.3448286577031624,0.30910487722091895,0.3460664650759187
98197,,1,0.36238890233963383,0.3132927732935513,0.3243183243668149
48514,,1,0.377976546348575,0.2798158013989224,0.3422076522525025
62107,,1,0.3485303773812005,0.31493843859770426,0.3365311840210952
106796,,1,0.3752866940663995,0.28720695932574286,0.3375063466078576
167262,,1,0.38323010624471576,0.2963135578466793,0.32045633590860495
108846,,1,0.3891470762437812,0.2939754920726175,0.31687743168360144
75447,,1,0.37253733299182973,0.28353329602967164,0.3439293709784986
171929,,1,0.3621754636385688,0.30692390672157777,0.33090062963985334
65259,,1,0.36999992929428493,0.3004172031113474,0.3295828675943676
46763,,1,0.3723852650369017,0.3063550328297426,0.3212597021333557
106528,,1,0.37681523445842063,0.2921365420411626,0.33104822350041674
173504,,1,0.36219354281073873,0.32512376062350534,0.312682696565756
64680,,1,0.37810183264283337,0.30707065804174527,0.31482750931542136
108119,,1,0.37218160099659797,0.29411597257853767,0.3337024264248643
67863,,1,0.37292409361629264,0.29947340882363677,0.3276024975600706
173911,,2,0.27591784222839116,0.37930454457546,0.3447776131961489
124621,,1,0.3729546897204345,0.28965101210954863,0.337394298170017
102768,,1,0.3630272258347486,0.29463457750814714,0.34233819665710424
104914,,1,0.37447591225238236,0.2948677908778439,0.3306562968697737
135193,,1,0.37212677150376794,0.2971948225974693,0.3306784058987628
85106,,1,0.3832620790542537,0.29263321079287924,0.32410471015286707
75264,,1,0.38755867390839155,0.28629487434104844,0.32614645175056
36932,,1,0.36960209547423917,0.2905615555331859,0.3398363489925748
150681,,1,0.3808263885679885,0.2883182724220923,0.3308553390099192
133082,,1,0.3775767239192452,0.28778970597625403,0.33463357010450084
120644,,1,0.3795928674413634,0.28854552924474336,0.3318616033138932
125002,,1,0.3638777574652658,0.30663249194897385,0.3294897505857604
55208,,1,0.3642575459352487,0.30539861924202866,0.33034383482272267
151826,,1,0.37599863009461415,0.2778262237676619,0.3461751461377239
96230,,1,0.39331313770630283,0.3119609910152154,0.29472587127848177
57628,,1,0.36699921186791556,0.2904953989598122,0.34250538917227213
69095,,1,0.36729477644135955,0.3022922264015455,0.3304129971570949
42277,,1,0.3675043865167152,0.3059537353388839,0.326541878144401
99362,,3,0.3370886727463731,0.3193571140732107,0.34355421318041623
96019,,1,0.37208788172520096,0.2929742743826609,0.334937843892138
25320,,1,0.3675566505886049,0.29592757281640963,0.33651577659498544
181100,,1,0.3593851534979693,0.3045275434281108,0.33608730307392
5934,,1,0.36782165042490933,0.27664548845385073,0.35553286112123983
158840,,1,0.38443269208173864,0.2979442407484661,0.3176230671697954
132070,,1,0.3647047098576454,0.3024676302821563,0.3328276598601983
111278,,1,0.38252166488948147,0.2803517143623836,0.337126620748135
106741,,1,0.3802786519812622,0.29167660460690453,0.3280447434118334
118160,,1,0.36756549907145625,0.30657773054416926,0.3258567703843745
97520,,1,0.3853726083503134,0.2771277096243026,0.337499682025384
67937,,1,0.37269426640558806,0.30165997369953923,0.32564575989487266
151026,,1,0.3605256916107914,0.30438285341050075,0.33509145497870785
134154,,1,0.3825966741525228,0.2909753151947812,0.32642801065269605
134670,,1,0.37502716188637597,0.2844154894460543,0.3405573486675698
64977,,1,0.3773401567157079,0.29492404375145237,0.32773579953283977
105087,,1,0.38175245632972693,0.2956793160622918,0.32256822760798143
153193,,1,0.3706394818253968,0.3019078294116948,0.3274526887629083
111205,,1,0.38182694235844283,0.2776003218158278,0.3405727358257294
110079,,1,0.3886897088746545,0.28705711261449135,0.3242531785108543
94560,,1,0.36987881577911175,0.3045259102412304,0.325595273979658
64699,,3,0.34086510257717323,0.3111065533909285,0.3480283440318983
59900,,1,0.38662560669977464,0.2967388129087282,0.3166355803914971
116420,,1,0.37337436994524176,0.2909606354443017,0.33566499461045657
25611,,1,0.38803007285978486,0.29537176841903184,0.31659815872118324
175154,,1,0.35642666143816215,0.29057974609533227,0.35299359246650547
60227,,1,0.3778234240864471,0.2848906315504078,0.33728594436314496
59848,,1,0.3502123695024255,0.320003361271417,0.3297842692261575
55198,,1,0.377939482343031,0.29848397819853945,0.3235765394584296
145669,,1,0.39330669945619334,0.28169839687109344,0.3249949036727133
29716,,1,0.3806800813558906,0.2805897849698266,0.33873013367428284
99041,,1,0.36799054315249907,0.3018954946939013,0.3301139621535997
17050,,1,0.3807956356913284,0.29807530349264755,0.3211290608160238
88385,,1,0.37645051660779005,0.3023809347781171,0.32116854861409283
168879,,1,0.3712699849700345,0.3020002566638836,0.32672975836608203
55140,,1,0.34306537730676373,0.3184967330645502,0.3384378896286861
150931,,1,0.372153598044349,0.2927556209920882,0.33509078096356276
151451,,1,0.3699478187909888,0.31124242977387295,0.31880975143513823
71997,,1,0.350373627038063,0.32655078826834333,0.3230755846935937
107715,,1,0.38446652811267623,0.2732489861923205,0.34228448569500325
152859,,1,0.3746290293926551,0.3014314035321975,0.32393956707514737
93988,,1,0.3552849676719689,0.3274107373315026,0.3173042949965286
124054,,1,0.3826731739207463,0.2973703207895426,0.31995650528971104
110108,,1,0.38164691719593463,0.2871268448555498,0.3312262379485155
101087,,1,0.3653866824395803,0.304147825603291,0.33046549195712865
60037,,1,0.37770529616453535,0.30261880070924674,0.319675903126218
136412,,1,0.3785566055534548,0.28408772244467595,0.3373556720018693
172660,,1,0.3800537743524275,0.2941705448953104,0.3257756807522621
70662,,1,0.39570590818161844,0.28199082831295674,0.32230326350542476
108867,,1,0.35808612147088914,0.30536146053671953,0.3365524179923912
148899,,1,0.36026061593062364,0.3019668816780427,0.3377725023913337
48197,,1,0.3627464760681486,0.2973397727915762,0.3399137511402753
105254,,3,0.31955583267208604,0.3144453975319033,0.3659987697960106
27267,,1,0.39390504684258043,0.28977108034002214,0.3163238728173974
66168,,3,0.35310321790172355,0.2920096840662584,0.35488709803201807
95091,,3,0.31784545341038745,0.3403591164683932,0.3417954301212193
134554,,1,0.37239666369019914,0.3009319812101436,0.3266713550996573
116078,,1,0.37690101857001607,0.2868694882256955,0.33622949320428847
48144,,1,0.3856541835883173,0.2854534824824922,0.32889233392919054
37820,,1,0.3779043194842657,0.2903752722448913,0.33172040827084315
37832,,1,0.3776338468285017,0.29116861307911734,0.331197540092381
136018,,1,0.3639392187668852,0.30791504145669835,0.32814573977641653
149746,,1,0.36080952276621375,0.30912075561989233,0.3300697216138939
102607,,1,0.3624153710042547,0.29539350469235776,0.3421911243033875
151376,,1,0.3704339051226611,0.30121942406570085,0.32834667081163815
101465,,1,0.38421072477253393,0.29177509660571144,0.3240141786217545
69564,,1,0.3785199486252268,0.30465807204806505,0.31682197932670814
101721,,1,0.373440348106574,0.29067574671982127,0.33588390517360467
70525,,1,0.38873404078317053,0.2970980464952536,0.314167912721576
123745,,1,0.35209754203010213,0.3045150905429111,0.3433873674269868
150940,,1,0.3759964111055748,0.2856665698907522,0.33833701900367297
148817,,1,0.3673390617808683,0.3093618257898861,0.3232991124292454
42100,,1,0.37873495874164304,0.30996857251604015,0.3112964687423169
71838,,1,0.362012653562909,0.28569647429631617,0.35229087214077487
34662,,1,0.3695062045439475,0.29256905555571955,0.33792473990033306
91074,,1,0.3555850555628648,0.3264776997914577,0.31793724464567763
133191,,1,0.3742295415299303,0.2894280818454474,0.3363423766246224
129500,,1,0.3546532421747676,0.3070735962599593,0.3382731615652732
153601,,1,0.38822703846328216,0.27148452978435367,0.3402884317523641
20218,,1,0.37821864142187,0.28931420472936753,0.3324671538487625
25798,,1,0.3751737590327621,0.30100455702389606,0.3238216839433418
71494,,1,0.35789311436410426,0.3033513459554484,0.33875553968044736
98100,,1,0.3850860487413013,0.2918810893449245,0.3230328619137743
85093,,1,0.37446043980474064,0.29127657042967725,0.3342629897655821
185580,,1,0.3812066025351786,0.29683886424598166,0.3219545332188399
108415,,1,0.3709071879135036,0.288187921622156,0.3409048904643403
69585,,1,0.37803535535360083,0.2788980210266344,0.3430666236197647
125565,,1,0.35526322052650444,0.323523324026293,0.32121345544720253
70602,,1,0.3875635982770929,0.2918787986712431,0.3205576030516639
124246,,1,0.3742969856375448,0.3166633153113639,0.30903969905109135
45782,,1,0.3555286853348442,0.2919569266916164,0.3525143879735395
134393,,1,0.3924134325371226,0.2834984531745556,0.3240881142883219
97398,,1,0.36488934890068536,0.30244337120355214,0.3326672798957625
144433,,1,0.3730476178086917,0.28848049705418055,0.3384718851371278
98440,,1,0.3694679980183624,0.30783455174556457,0.32269745023607305
19118,,1,0.3651762457073205,0.2952344852291411,0.3395892690635386
29715,,1,0.38412835670903756,0.29097605773558965,0.32489558555537273
97563,,1,0.3840950732174658,0.3012300157408209,0.3146749110417132
70664,,1,0.381238593810784,0.2895769416569618,0.3291844645322543
108748,,1,0.371516346854999,0.2940752592022679,0.33440839394273303
134257,,1,0.37496829659488334,0.2908636690096673,0.33416803439544923
32773,,1,0.3772849283187613,0.3018100499294518,0.320905021751787
20154,,1,0.38167349137120554,0.2947842382580363,0.32354227037075817
15786,,1,0.36951121646860813,0.3069836042932072,0.3235051792381847
172454,,1,0.3748925217783202,0.30608071851559693,0.31902675970608285
133471,,1,0.3688231755374631,0.30525570934894286,0.3259211151135941
110248,,1,0.3865745062270999,0.2766492841047672,0.3367762096681329
30180,,1,0.3761161493891346,0.28286386598448315,0.3410199846263822
46734,,1,0.37626387325585764,0.29611584819523956,0.3276202785489029
97622,,1,0.3648176126685047,0.31612046373827657,0.31906192359321867
27371,1.0,1,0.3930426251676456,0.2881355805041118,0.3188217943282427
105869,,1,0.38410466970824114,0.28782153811619693,0.3280737921755619
168078,,1,0.36642176233704027,0.3139196483843957,0.31965858927856405
137300,,1,0.3922254386391029,0.2814130604100812,0.3263615009508159
145778,,1,0.3792897036924219,0.2965628831989715,0.3241474131086067
109653,,1,0.38563403927285805,0.29012624168993134,0.3242397190372106
132021,,1,0.3643550762107578,0.30720566942734856,0.32843925436189364
123165,,1,0.3802273242929303,0.28486595954819705,0.3349067161588726
98194,,1,0.3690892485714148,0.29955192787064205,0.33135882355794316
170578,,1,0.36685078977905733,0.3105759363580438,0.32257327386289886
17047,,1,0.37433034119304825,0.3089887496156149,0.3166809091913368
13177,,1,0.35525452489173887,0.2981941606725381,0.3465513144357231
22913,,1,0.37814020992435293,0.2910950646718036,0.33076472540384344
149656,,1,0.3794330915172663,0.30856328612682976,0.31200362235590395
148906,,1,0.371104588133069,0.28828591789716523,0.34060949396976586
57332,,1,0.38811882469286857,0.2974226498515322,0.31445852545559916
117949,,1,0.3738952034788194,0.307656357384008,0.31844843913717263
130723,,1,0.38396294119406393,0.2990011677334519,0.31703589107248414
106230,,1,0.3876569558692289,0.27518141212988956,0.33716163200088156
104911,,1,0.38165332389895146,0.29462279515425854,0.32372388094679005
66449,,1,0.384079529789163,0.2998496485583719,0.3160708216524651
160238,,1,0.3664758719317001,0.31171346976035075,0.32181065830794914
43391,,1,0.38805769715669713,0.2819732865127502,0.3299690163305528
149274,,1,0.3757977602663034,0.28945709479817494,0.3347451449355217
108460,,1,0.3996739655202883,0.2969029085091649,0.3034231259705467
101510,,1,0.36326147020364624,0.30413731883689427,0.33260121095945944
12771,,1,0.35888267032694676,0.2960393753530671,0.3450779543199862
158154,,1,0.3742145868492023,0.30410757317470466,0.32167783997609317
46683,,1,0.35885872716511236,0.31451720664449984,0.32662406619038775
29077,,1,0.35707714771795446,0.30440224353369943,0.3385206087483461
148871,,1,0.3531976219186596,0.3065894311983324,0.340212946883008
100271,,1,0.3693192362980375,0.30240526291153685,0.32827550079042556
62184,,1,0.3642662640364836,0.3081090058220702,0.3276247301414462
32597,,1,0.36170654187590334,0.3090003230515017,0.32929313507259483
132835,,1,0.3680733929065536,0.3040549779162026,0.3278716291772437
97410,,1,0.3690641432632535,0.2951828495306746,0.33575300720607193
145747,,1,0.36981409735040066,0.2873787702799499,0.34280713236964955
153207,,1,0.37539799340424,0.27881717673008793,0.34578482986567216
66416,,1,0.38516859693281336,0.29097279016725763,0.32385861289992884
105697,,1,0.379173928782984,0.29688683972250635,0.3239392314945096
166593,,1,0.3672968493878379,0.3015802251630576,0.33112292544910454
57456,,1,0.352686492627798,0.2997488731190237,0.3475646342531784
78114,,1,0.3834322785488981,0.2928420747822028,0.3237256466688991
108679,,1,0.3704705535358612,0.28699428198824245,0.34253516447589644
118407,,1,0.37113040423396454,0.2986030127380841,0.33026658302795137
107388,,1,0.370314417802903,0.2927195542566091,0.33696602794048797
25557,,1,0.3585969534682312,0.28828726767812024,0.3531157788536485
135103,,1,0.3684802714839119,0.3023934871692698,0.32912624134681834
153378,,1,0.37937142851412514,0.29480514905818495,0.3258234224276899
96539,,1,0.36328534721358374,0.3046922756188404,0.3320223771675758
61081,,1,0.3671997699668068,0.29635290376195345,0.33644732627123974
153567,,1,0.36842834386722956,0.27695216806300305,0.35461948806976745
109219,,1,0.3911043869744318,0.2849374283587082,0.32395818466686
115196,,1,0.3705322272239188,0.3005207122041973,0.32894706057188394
125514,,1,0.3635448667064164,0.3123245953660863,0.3241305379274973
155420,,1,0.3695310702119324,0.3144152301151404,0.31605369967292735
100696,,1,0.37150550721054815,0.30743038430053093,0.321064108488921
32871,,1,0.3688448404652578,0.31170720653322825,0.319447953001514
60455,,1,0.3686943395490088,0.2907285844222094,0.3405770760287819
11778,,1,0.36146264856444843,0.28636810681049707,0.3521692446250546
116680,,1,0.3815548719167206,0.2835761839393556,0.33486894414392393
105198,,1,0.38507208409441795,0.2945123506631491,0.320415565242433
29984,,1,0.3801537492013563,0.2786121667691078,0.3412340840295358
73766,,1,0.3819948409722954,0.2877653933550131,0.3302397656726914
64849,,1,0.35588420297324824,0.29261137825790495,0.3515044187688469
118363,,1,0.37958120102500004,0.2986700762558248,0.32174872271917515
57308,,1,0.3933123040015083,0.2848978438617729,0.3217898521367189
149226,,1,0.3774593390747825,0.30999566606370027,0.31254499486151716
70350,,1,0.38455567458129164,0.30786596601479826,0.30757835940391004
127821,,1,0.368024755959639,0.29624266243275965,0.3357325816076013
99021,,1,0.3894274877724925,0.3132984233733581,0.2972740888541496
4316,,1,0.3659018106405338,0.30601632229039377,0.32808186706907233
45955,,1,0.3542230227630228,0.29898124560330563,0.34679573163367156
64745,,1,0.37692212808901693,0.29844378543254446,0.3246340864784387
113607,,1,0.38326586712319405,0.30385617543487903,0.31287795744192703
87667,,1,0.36950313890752723,0.30000122994442774,0.33049563114804503
52484,,1,0.37401690344840693,0.30066963379251166,0.3253134627590815
127227,,1,0.3616155875635507,0.3038364979767725,0.3345479144596769
71475,,1,0.380001131967472,0.3006911177180223,0.31930775031450565
169190,,1,0.37421316434002666,0.29017295516949904,0.33561388049047425
133969,,1,0.36804209258454573,0.30260739172883916,0.32935051568661505
98746,,1,0.35069818615792453,0.3126520351911667,0.3366497786509088
135906,,1,0.36953225315205224,0.2932229123941658,0.337244834453782
109242,,1,0.38703262190966997,0.29904378727558717,0.31392359081474286
58063,,1,0.36211260925755134,0.3021168392877651,0.33577055145468354
175347,,1,0.3758682656579256,0.3068084984345777,0.3173232359074968
66482,,1,0.3737934076521858,0.29291531037366875,0.3332912819741455
95033,,1,0.3560045438647053,0.30576234202586333,0.33823311410943135
60430,,1,0.37610199285733475,0.28031665217894236,0.34358135496372294
156674,,1,0.35160293010535504,0.31217744794792895,0.336219621946716
132050,,1,0.3795347853542606,0.29742176601060294,0.32304344863513645
99420,,1,0.3654858816111672,0.29341230185159883,0.34110181653723415
96009,,1,0.3774258836905438,0.3058438708145711,0.31673024549488504
105260,,1,0.37064424911937227,0.3077852568734141,0.3215704940072136
13390,,1,0.38110942494462735,0.28634486249310975,0.33254571256226295
149456,,1,0.3561661570451196,0.30908982488375497,0.33474401807112547
136943,,1,0.367846118276666,0.29862340906220525,0.3335304726611287
59045,,1,0.3769512665104543,0.29299870419069335,0.33005002929885235
135311,,1,0.37036046454411403,0.31054103193954036,0.3190985035163456
113707,,1,0.38840410057620256,0.28957502615561875,0.32202087326817863
70533,,1,0.36728525220077274,0.308632117145408,0.3240826306538192
111851,,1,0.389915273784442,0.2949742277170413,0.3151104984985167
59922,,1,0.35230389947091667,0.34401875779908286,0.30367734273000047
172089,,1,0.39048110566733724,0.2930629885830085,0.3164559057496544
108672,,1,0.38295406229441536,0.28217387602513666,0.3348720616804481
100785,,1,0.36786102215898664,0.2820984604847731,0.3500405173562402
104331,,1,0.3645212900655536,0.2930647154050647,0.34241399452938165
75430,,1,0.3707311529186163,0.302826014780578,0.3264428323008056
48010,,1,0.37674426027968877,0.2961914011864983,0.32706433853381306
67749,,1,0.3775088336783871,0.2944340007422166,0.3280571655793963
106774,,1,0.3850577139331082,0.29407301365310934,0.3208692724137825
59447,,1,0.3775098542019268,0.280248537882595,0.34224160791547814
153164,,1,0.3792551843417004,0.2829512920339948,0.3377935236243047
117900,,1,0.34580875192695326,0.32279214839746406,0.3313990996755828
158921,,1,0.38750921786950737,0.29545136513162573,0.317039416998867
59118,,1,0.4003280211998225,0.2950474266263818,0.3046245521737957
115960,,1,0.37160261808080725,0.31294926950675983,0.31544811241243276
121378,,1,0.3648990366753266,0.290056443921816,0.3450445194028574
20033,,1,0.36413782730520133,0.2895781907171753,0.34628398197762333
13344,,1,0.3662661449968186,0.3041949364934655,0.32953891850971584
96524,,1,0.36469102270266146,0.3097370117273018,0.32557196557003687
65542,,1,0.3715440012525237,0.28281072528028806,0.34564527346718826
85571,,1,0.37971608891992703,0.2865029420192714,0.33378096906080157
45580,,1,0.38331050405524913,0.3103751577165256,0.30631433822822524
66464,,1,0.38607317537028174,0.2906898468254813,0.323236977804237
84903,,1,0.37660815879706416,0.29513522765393824,0.32825661354899777
140549,,1,0.38967651383341645,0.2940670990972358,0.3162563870693478
112889,,1,0.3598941008003719,0.28262984047841266,0.35747605872121546
47053,,1,0.3694228287773802,0.3051905987465294,0.3253865724760905
118081,,1,0.3791837978593812,0.2946170010157089,0.32619920112490985
102327,,1,0.38343221179554365,0.2882758210211214,0.32829196718333487
151522,,1,0.3739388717980822,0.2858133118761028,0.340247816325815
32679,,1,0.34324559382237296,0.3189869753989295,0.3377674307786976
60856,,1,0.38622343986487456,0.297722891708564,0.3160536684265614
103971,,1,0.3615459893485047,0.2909213770259268,0.3475326336255685
127825,,1,0.40800000237371603,0.28541239275415176,0.3065876048721322
64855,,1,0.36378445217797134,0.302915195648683,0.33330035217334564
100884,,1,0.38943202220912604,0.29247891974619755,0.31808905804467624
102762,,1,0.37497659139027134,0.27226883483652553,0.3527545737732032
103458,,1,0.3573555523702493,0.2931780766824201,0.3494663709473307
82968,,1,0.37107828090634354,0.3035361792578525,0.325385539835804
60032,,1,0.3568718645253155,0.30892939742381076,0.33419873805087374
149960,,1,0.3871704742951612,0.28583240470470506,0.3269971210001338
122182,,1,0.3537918022268604,0.31334421598010237,0.3328639817930372
13175,,1,0.35792310231857616,0.30306889224982836,0.3390080054315955
97634,,1,0.3598935415882172,0.3071248509424922,0.3329816074692908
24857,,1,0.3634700137339775,0.30870939664450975,0.32782058962151267
158901,,1,0.3650647359539766,0.2915967659088939,0.34333849813712947
106669,,1,0.38856898278371893,0.2872161428973128,0.3242148743189684
71543,,1,0.3788243633949784,0.2961281483979349,0.3250474882070868
69291,,1,0.3834822914574381,0.2882665501075728,0.328251158434989
15872,,1,0.37463119815388274,0.28451310894341486,0.34085569290270246
145787,,1,0.3946077595652385,0.283372629013804,0.32201961142095736
127042,,1,0.35972840333674305,0.3081139902186968,0.33215760644456016
149288,,1,0.3724836023359047,0.3067107968211788,0.3208056008429165
59983,,1,0.3614942907941291,0.30762783802120686,0.33087787118466405
158146,,1,0.3852918235541683,0.2988415991642811,0.3158665772815506
59839,,1,0.36113583405780014,0.3189558343012262,0.3199083316409737
110548,,1,0.38733090018482275,0.26994061882385034,0.34272848099132697
136287,,1,0.377507593972701,0.3054380219078675,0.3170543841194315
173517,,1,0.3766554593358622,0.3173442128058956,0.30600032785824216
110605,,1,0.3834352006485977,0.27178078764488284,0.34478401170651934
172695,,1,0.3768655336685041,0.3102975984178915,0.3128368679136044
102773,,1,0.3517183770624389,0.3014434987186054,0.3468381242189557
108375,,1,0.36583765103226284,0.3006846812477055,0.33347766772003173
98994,,1,0.34537108906895514,0.320365638654382,0.3342632722766627
69651,,1,0.3841176374298593,0.29030164894291327,0.3255807136272273
71826,,1,0.38088165615743125,0.27304426140588417,0.3460740824366847
116416,,1,0.3606240222858049,0.29930268536075705,0.34007329235343803
70536,,1,0.36970027417683227,0.3285129020723993,0.3017868237507683
46485,,1,0.3705693421468828,0.29825592541048185,0.33117473244263546
30221,,1,0.3667424661041497,0.29182173632090724,0.341435797574943
130268,,1,0.36653324003372223,0.3030771736189692,0.33038958634730864
108559,,1,0.38091721539373813,0.2915758631395315,0.3275069214667304
19472,,1,0.38819823789504837,0.29126639560971196,0.32053536649523956
99740,,1,0.3622456039494828,0.3103156037267165,0.3274387923238007
106441,,1,0.3597702722367655,0.2914631982861079,0.34876652947712666
72691,,1,0.3614824687978032,0.29918276641546526,0.33933476478673147
97273,,1,0.34961545332215543,0.333076245207487,0.31730830147035766
46802,,1,0.3608537286567499,0.30841566962643174,0.3307306017168183
132055,,1,0.380340769185406,0.30243507649330964,0.31722415432128437
98096,,1,0.3609646306451304,0.31728369512613613,0.32175167422873346
70825,,1,0.35329134206783125,0.30568560758090046,0.3410230503512683
123269,,1,0.35229337008184136,0.3003915186250736,0.347315111293085
171480,,1,0.3719066678902761,0.30214548204627834,0.32594785006344557
92197,,1,0.39404645396249516,0.2847272262001102,0.3212263198373946
143412,,1,0.3588776928221077,0.30213661590838004,0.3389856912695122
52448,,1,0.36312418747615544,0.30368147555560526,0.3331943369682392
59417,,1,0.37323870330527664,0.2964907931742153,0.33027050352050813
15941,,1,0.3713481625474924,0.29101551001089676,0.33763632744161076
24481,,1,0.3592285209010015,0.3074149612418557,0.33335651785714276
13279,,1,0.3699265184827027,0.30115956383988945,0.32891391767740785
104873,,1,0.37716653517072074,0.2990060040961845,0.3238274607330947
56713,,1,0.3877186955169299,0.28879257879101894,0.3234887256920511
69678,,1,0.38027721939094056,0.2928917295986366,0.32683105101042287
19432,,1,0.3819078914627635,0.28789725960650403,0.33019484893073253
137967,,1,0.37667937329492995,0.30039686112745256,0.32292376557761754
155906,,1,0.36239897230378454,0.31205579479030787,0.3255452329059077
106771,,1,0.36733579471379696,0.31291114699917255,0.31975305828703043
66749,,1,0.36283703530189354,0.2951358053201707,0.3420271593779358
168048,,1,0.374587092906106,0.3144082080442993,0.31100469904959466
20503,,1,0.37374865444989436,0.2816219255990254,0.34462941995108026
101457,,1,0.35566791970358436,0.31048066751954884,0.3338514127768669
106821,,1,0.3742387315695496,0.30810105596988857,0.31766021246056175
107911,,1,0.3918989046790316,0.287890378031268,0.3202107172897005
147809,,1,0.3673244015315329,0.296655599374605,0.33601999909386215
133615,,1,0.3781628084498188,0.30431646643476706,0.31752072511541407
57530,,1,0.3820656737611866,0.29158969061857315,0.32634463562024024
17140,,1,0.3722799179881981,0.30964270478470285,0.31807737722709917
100102,,1,0.3507475805168224,0.3172688677348139,0.33198355174836375
46623,,1,0.3582993383174758,0.30881578006413046,0.3328848816183937
150655,,3,0.34857507978907004,0.2819113760369588,0.3695135441739712
134533,,1,0.3823606409580141,0.2961356395237985,0.3215037195181874
131461,,1,0.3676193470828353,0.29599263462089564,0.3363880182962691
59027,,1,0.3965150224237791,0.3074601313118655,0.2960248462643554
66680,,1,0.38003653032432416,0.2848056735322136,0.33515779614346225
120639,,1,0.3665542310228879,0.30140885056170724,0.3320369184154048
127112,,1,0.35696992769725033,0.3090257701421098,0.3340043021606398
135169,,1,0.38176051531584493,0.29439526555949586,0.32384421912465905
138396,,1,0.3799630863304634,0.2906160169721353,0.3294208966974012
90743,,1,0.35989388826014124,0.3138360253155453,0.32627008642431343
27833,,1,0.37369000653657275,0.2942566957262366,0.3320532977371906
98184,,1,0.3532407563181627,0.31493645161804146,0.33182279206379584
151379,,1,0.37970777811037304,0.28987720516777915,0.3304150167218478
48530,,1,0.3766898487380927,0.30408924928429354,0.31922090197761377
126236,,1,0.35819971495641983,0.30689166453925754,0.33490862050432263
12769,,1,0.39253524244485016,0.2887916000619121,0.31867315749323766
101359,,1,0.35953207117483305,0.30642090025971713,0.3340470285654497
13221,3.0,1,0.37330189493829413,0.28656273859841963,0.34013536646328624
99998,,1,0.3484074512786511,0.3084655763054205,0.34312697241592843
101681,,1,0.37134718599978106,0.30392326731794406,0.3247295466822749
35183,,1,0.3767736303325488,0.2942754530278262,0.3289509166396249
74956,,1,0.3379750825011454,0.3326483079067712,0.3293766095920834
24045,,1,0.38248207358040387,0.30174916361512893,0.3157687628044673
120789,,1,0.37402909820928787,0.28822240152872314,0.33774850026198894
136288,,1,0.38196032627545506,0.294384295674555,0.32365537804998995
35463,,1,0.3645400367598726,0.2901508428330207,0.34530912040710665
115964,,1,0.36756160070969474,0.2946821307248619,0.33775626856544344
85390,,1,0.36086493610204984,0.3077727321529051,0.33136233174504504
142009,,1,0.35537230325878866,0.3088177521508054,0.335809944590406
71733,,1,0.37858549667417396,0.28254266397662003,0.3388718393492061
126749,,1,0.36459866718401934,0.2994625312067096,0.335938801609271
63950,,1,0.39013036981043964,0.30613569916600647,0.30373393102355395
15781,,1,0.38256339571511017,0.28409493249581036,0.33334167178907953
25628,,1,0.37821175309080296,0.30804501404645285,0.31374323286274414
29787,,1,0.36643116568892,0.3008551897836378,0.33271364452744223
11747,,1,0.3723628785070904,0.3027054774256227,0.3249316440672869
149754,,1,0.36706172787686303,0.3109584718452941,0.32197980027784284
111741,,1,0.36852546489955107,0.30529244809797773,0.3261820870024712
91214,,1,0.37062704115913664,0.3039516547655447,0.3254213040753186
101097,,1,0.38618371750366426,0.2927549512361905,0.32106133126014524
46790,,1,0.3578652056567228,0.32262469470711314,0.31951009963616406
121044,,1,0.3610722504316773,0.31041281124342207,0.3285149383249007
47867,,1,0.38943632721751487,0.294862517991065,0.3157011547914201
65048,,1,0.3819441866434,0.3000569242696736,0.3179988890869263
73992,,1,0.3719269285833157,0.31685459897772805,0.3112184724389562
149646,,1,0.3784451737357947,0.3115895610662492,0.3099652651979561
47410,,1,0.3713497689248405,0.2997514028711086,0.3288988282040509
99997,,1,0.3801775820396185,0.2913084435877799,0.32851397437260155
127369,,1,0.3880062447786972,0.295965100479256,0.3160286547420469
118294,,1,0.3618425770718956,0.30830877839091786,0.32984864453718643
169473,,1,0.3625386804691989,0.3060307430651906,0.33143057646561047
47943,,1,0.3580256680340721,0.30745006422485405,0.33452426774107397
29830,,1,0.3750609591750042,0.28851342904476956,0.33642561178022623
159896,,1,0.3634392024331031,0.2805019148080235,0.3560588827588733
43392,,1,0.36891047029991814,0.28871483783164764,0.34237469186843417
101502,,1,0.39504761008887296,0.2888786654929324,0.3160737244181946
158191,,1,0.36993224576412853,0.3012047784220172,0.32886297581385415
168957,,1,0.3820995972458297,0.2955130041433452,0.3223873986108251
117385,,2,0.34229417317638794,0.36188026384330685,0.29582556298030516
35968,,1,0.3866562046271516,0.2888443704261982,0.3244994249466502
123253,,1,0.3852596892675708,0.2931962517992811,0.321544058933148
155198,,1,0.38498602403899707,0.30387598496566787,0.31113799099533507
98105,,1,0.36848013584241557,0.29591698357099233,0.335602880586592
108622,,1,0.3689867936225359,0.2958357950910598,0.3351774112864043
150329,,1,0.3794338941766178,0.28615844735442575,0.3344076584689565
118331,,1,0.3715296436192635,0.2977040003818338,0.3307663559989027
112933,,1,0.3779058461658996,0.29423599735647527,0.3278581564776252
74000,,1,0.36088056867963136,0.30818779075475417,0.33093164056561447
107526,,1,0.3662885273492136,0.29769819070779463,0.3360132819429918
104596,,1,0.3943093345532621,0.28142696587314003,0.32426369957359796
29263,,1,0.37488279772838823,0.2941771799721314,0.33094002229948044
65177,,1,0.35132578553546734,0.32609261470492434,0.3225815997596084
55235,,1,0.3598591605377361,0.2929564497246759,0.3471843897375879
4531,,1,0.3685127691894683,0.29933317097868667,0.33215405983184504
109837,,1,0.3802853016624414,0.2851803014720769,0.33453439686548175
92566,,1,0.3766470540395104,0.2878648949486722,0.33548805101181756
60202,,1,0.3702145585002683,0.2935317819867166,0.33625365951301517
171096,,1,0.38257362269819845,0.3149464943661368,0.3024798829356648
20176,,1,0.37689282039868155,0.2939537584456938,0.3291534211556246
145623,,1,0.3740561246712462,0.28322593636362725,0.3427179389651264
21236,,1,0.3514340395770112,0.3044055700926498,0.34416039033033907
32948,,1,0.3778847347385112,0.29517152143710873,0.32694374382437996
106119,,1,0.38017971922160526,0.2856983423126468,0.33412193846574784
111404,,1,0.385510585734829,0.2945756282152464,0.3199137860499247
105247,,1,0.39336618899522385,0.2884054698293085,0.3182283411754678
32861,,1,0.37123562699877766,0.29665110042552373,0.33211327257569867
140122,,1,0.3746204519294926,0.2842294698762457,0.34115007819426174
110767,,1,0.3743066787131575,0.29388609087216927,0.33180723041467325
133061,,1,0.3917796734297925,0.2888011914714656,0.319419135098742
45608,,1,0.37823401401244583,0.2976317629264887,0.32413422306106554
96021,,1,0.38467060920880936,0.2997799118801383,0.31554947891105234
50327,,1,0.37514991659753855,0.2953286598343841,0.32952142356807734
24035,,1,0.35832249463362303,0.2997275399347968,0.3419499654315802
131225,,1,0.37661521347237104,0.30328004274125164,0.3201047437863773
55538,,1,0.36859595666083655,0.28612377678273915,0.3452802665564243
129119,,1,0.39766960258369766,0.2923335154997624,0.30999688191654007
64806,,1,0.37355201796635856,0.29625595275430655,0.3301920292793348
111422,,1,0.36018939878615946,0.3064434996508928,0.3333671015629478
97998,,1,0.37577399325915106,0.2990988836732881,0.3251271230675609
23521,,1,0.3865049773378141,0.29526920043011406,0.3182258222320717
91993,,1,0.35033444708931133,0.30196547983414185,0.3477000730765469
176552,,1,0.38175144905690084,0.2995381566572294,0.3187103942858698
102641,,1,0.35428509451576173,0.30870315323686415,0.337011752247374
45731,,1,0.3729031606496999,0.2900228443450911,0.33707399500520896
127054,,1,0.3795544683808593,0.30201446487398576,0.3184310667451549
20394,,1,0.35834693256208583,0.30717605024179434,0.33447701719611983
46709,,1,0.38741130574225546,0.296367777306501,0.31622091695124355
151385,,1,0.38152624584446215,0.313380471320831,0.3050932828347068
21899,,1,0.3533076312349475,0.31250654383507576,0.3341858249299767
99768,,1,0.3795463661450446,0.28660554932365806,0.3338480845312972
61523,,1,0.3622634460420137,0.30212651056995565,0.3356100433880306
158056,,1,0.3525884691907827,0.31490324607422304,0.3325082847349942
120714,,1,0.38961067352064543,0.2909851709009219,0.31940415557843266
59198,,1,0.3598910274759575,0.30027175462183336,0.33983721790220917
104087,,1,0.366373704636567,0.29822904976614056,0.3353972455972925
93872,,1,0.36645513051929635,0.29073639001749646,0.34280847946320714
172447,,1,0.37981327795872766,0.3078657827693413,0.31232093927193105
102237,,1,0.38442844868754555,0.2919357330496009,0.32363581826285354
98261,,1,0.37741365374992225,0.2949366064012478,0.3276497398488299
19955,,1,0.36036961941070517,0.29265148578419214,0.3469788948051028
126155,,1,0.37946043514110694,0.2994732166292798,0.32106634822961333
123626,,1,0.3756117246837004,0.3017186431112993,0.3226696322050002
72697,,1,0.35805642237519825,0.29921493865183785,0.34272863897296396
27331,,1,0.38695330150821144,0.2997677553830894,0.31327894310869914
82010,,1,0.361770581967853,0.30282644811777654,0.33540296991437046
27221,,1,0.3645375634600063,0.2916085596402426,0.3438538768997511
138008,,1,0.3897917272457711,0.295582872927992,0.31462539982623694
100819,,1,0.37451346856743223,0.29315869339742906,0.33232783803513877
69355,,1,0.3527087857871084,0.3035602770603527,0.3437309371525387
175029,,1,0.3600766392021486,0.2954120687868731,0.3445112920109783
66233,,1,0.37132913911633986,0.287070099857021,0.34160076102663905
149235,,1,0.36774123512205265,0.29516718668046577,0.33709157819748164
145742,,1,0.3804673797138792,0.2963521152278052,0.3231805050583156
48062,,1,0.3507757242232583,0.3105352596255466,0.338689016151195
48624,,1,0.37121059149191177,0.29307422600105465,0.3357151825070335
109192,,1,0.37958263762679395,0.28576591041400584,0.3346514519592002
58100,,1,0.38030764515729903,0.2853342105151379,0.3343581443275631
149845,,1,0.3753193156590016,0.2920638981424716,0.3326167861985268
132890,,1,0.36015970920980267,0.30162809157566606,0.3382121992145313
161086,,1,0.37553435430100457,0.2916870295003964,0.33277861619859905
154168,,1,0.3747182051661565,0.29415437954490586,0.33112741528893763
102530,,1,0.3769822964357463,0.28834130115557,0.3346764024086838
123763,,1,0.37372281468895124,0.2833973588009131,0.3428798265101357
4385,,1,0.37572437013827203,0.29597230568056526,0.32830332418116265
67096,,1,0.3772093092417145,0.2998567705806814,0.32293392017760414
173761,,1,0.3682342078049071,0.29491101013972787,0.336854782055365
66772,,1,0.3523190334088633,0.30771717398249976,0.3399637926086371
66768,,1,0.38352964164140285,0.3069201415918184,0.3095502167667788
73827,,1,0.36727929441993745,0.30490101081783516,0.3278196947622274
33053,,1,0.37752473326541824,0.3008817832596224,0.3215934834749594
46373,,1,0.38484898530283385,0.30061218869438144,0.31453882600278477
119950,,1,0.3865588254620566,0.28960509168416,0.32383608285378335
134571,,1,0.3668999727875148,0.3006134314014017,0.33248659581108353
106886,,1,0.37552630945112575,0.28492573454416886,0.3395479560047054
180148,,1,0.3578185217055266,0.2936157914380298,0.34856568685644346
111116,,1,0.37378304552294106,0.28822960705593487,0.3379873474211242
49590,,1,0.37767194650221775,0.2849617076418342,0.3373663458559481
127295,,1,0.38285789084621397,0.2843401078981966,0.33280200125558956
55849,,1,0.3748090643019645,0.3010734148208251,0.32411752087721046
145912,,1,0.36627288735780567,0.27419053927480425,0.3595365733673902
124632,,1,0.38116936077723623,0.3028120996964148,0.31601853952634906
172839,,1,0.38145470302974427,0.2946983762486076,0.32384692072164806
35947,,1,0.36639436040246925,0.298558018152872,0.33504762144465877
95087,,1,0.3769650601362871,0.30744625210659193,0.31558868775712096
167286,,1,0.38195362736095334,0.2915717021265382,0.3264746705125084
62159,,1,0.38480455060435026,0.29655777960044527,0.31863766979520447
39486,,1,0.3690530379814834,0.2934213667699635,0.3375255952485532
138296,,1,0.384368730543622,0.2875118149008709,0.3281194545555072
107572,,1,0.36327507187210334,0.2981948179431522,0.33853011018474444
3008,,1,0.3700185184406579,0.29083969251021796,0.3391417890491242
112722,,1,0.3750176103388588,0.28725875717458893,0.3377236324865522
39365,,1,0.35023302624869385,0.31416079685920495,0.33560617689210115
105171,,1,0.3800585123640962,0.29987271294170353,0.3200687746942004
133433,,1,0.3558220900089714,0.2977843612331182,0.34639354875791045
149213,,1,0.37613103715518575,0.2954031457620652,0.328465817082749
59841,,1,0.34981252784758077,0.3108473929710688,0.33934007918135045
13214,,1,0.36623502793356283,0.29540268466155983,0.3383622874048772
94747,,1,0.373535111900813,0.305359783933394,0.321105104165793
106197,,1,0.37892388575989744,0.28663492580764954,0.33444118843245285
46718,,1,0.36426425881057994,0.31111951764687645,0.3246162235425435
86139,,1,0.36387222859587953,0.30107211855410787,0.33505565285001254
133182,,1,0.366672760449298,0.28810089926408594,0.34522634028661614
101514,,1,0.3595521283174882,0.29327729219862403,0.34717057948388785
80657,,1,0.3696950979562508,0.3206361555064453,0.3096687465373038
85364,,1,0.3614241635912558,0.29330777131396546,0.3452680650947787
19523,,1,0.3711731796153107,0.2934214197243051,0.33540540066038427
71692,,3,0.34953350758198276,0.295053915830468,0.35541257658754905
4267,,1,0.3759764772317867,0.3051904796020921,0.31883304316612127
103685,,1,0.36451868275843163,0.2974411389318193,0.33804017830974914
2605,,1,0.37775345869494226,0.2999843996306253,0.3222621416744323
153034,,1,0.3664865518974714,0.28080141473123826,0.35271203337129026
149833,,1,0.37908176370583635,0.3159501670594487,0.30496806923471487
149045,,1,0.3749879883558766,0.29207143966688437,0.33294057197723903
107353,,1,0.37399454393110326,0.291721368621049,0.33428408744784777
58372,,1,0.36029845561557267,0.30274304420054743,0.3369585001838799
32702,,1,0.36060763985229904,0.3263987239322132,0.3129936362154878
171244,,1,0.36070515181484075,0.32152750455865103,0.3177673436265082
107523,,1,0.3697101952038015,0.29450280896019504,0.3357869958360035
133658,,1,0.39026361561874773,0.2796046297441474,0.3301317546371049
11695,,1,0.36089806849511635,0.32819093978377956,0.3109109917211041
111120,,1,0.3669620055985809,0.291432413732441,0.34160558066897806
120929,,1,0.37547554655484305,0.28359902699932343,0.3409254264458334
29620,,1,0.37419646116299554,0.28721351185564126,0.33859002698136315
116033,,1,0.3730992719363897,0.3010833807535976,0.3258173473100126
48563,,1,0.3721321076514198,0.29788416006617746,0.32998373228240263
102642,,1,0.3600990306999743,0.30096180851453147,0.33893916078549413
155353,,1,0.3792369475469591,0.29202891073137677,0.32873414172166415
135802,,1,0.3802421063197445,0.3090185794145448,0.3107393142657108
175272,,1,0.3908130441760645,0.28098727986374117,0.3281996759601943
59495,,1,0.37526186813610546,0.29234290014277253,0.332395231721122
143570,,1,0.3603183744572492,0.30918926713768147,0.3304923584050692
151016,,1,0.362887712062063,0.29143866969324084,0.3456736182446961
