idmatch,result_finish_match,result_finish_match_prediction,proba_win_1,proba_draw,proba_win_2
133898,,1,0.38784709460668626,0.2735512241321868,0.338601681261127
142139,,1,0.40050447372561687,0.2933765898855121,0.306118936388871
39731,,1,0.35720351420545504,0.2930134913226229,0.349782994471922
171342,,1,0.3530818272594542,0.32132596481958886,0.32559220792095694
181526,,1,0.3755182716382218,0.2949870924555918,0.3294946359061864
127816,,1,0.3682483886831341,0.3097737120242909,0.32197789929257503
186966,,1,0.37412273404485785,0.28819779404523005,0.33767947190991215
74854,,1,0.38828576062843345,0.28783135485641903,0.3238828845151476
29544,,1,0.38257800536592834,0.2934131800534068,0.32400881458066494
118831,,1,0.3857728803067078,0.29430398898491333,0.3199231307083789
177026,,1,0.37851038563497585,0.28079407183502497,0.3406955425299991
60608,,1,0.3737248877804785,0.28964675702611353,0.336628355193408
120501,,1,0.3910320327867431,0.29303680742822524,0.31593115978503167
100349,,1,0.37084035521680186,0.3012062658367769,0.32795337894642124
38200,,1,0.34976367182089274,0.32094581569088726,0.32929051248822006
107438,,3,0.35375151862158505,0.291695112088111,0.35455336929030407
48514,,1,0.377976546348575,0.2798158013989224,0.3422076522525025
172867,,1,0.37636847783086774,0.285737530737958,0.3378939914311742
29812,,1,0.36854767478978095,0.29197118742893524,0.33948113778128386
106438,,1,0.35813366218427545,0.2932696856479987,0.3485966521677258
171929,,1,0.3621754636385688,0.30692390672157777,0.33090062963985334
61277,,1,0.3566523553998266,0.29257810645637056,0.3507695381438028
46763,,1,0.3723852650369017,0.3063550328297426,0.3212597021333557
27327,,1,0.35489717013783356,0.30407199869753126,0.3410308311646352
173504,,1,0.36219354281073873,0.32512376062350534,0.312682696565756
137555,,1,0.38244469693822847,0.29077068960986213,0.3267846134519093
113664,,1,0.3704256685721368,0.2973348376996128,0.33223949372825035
132188,,1,0.38685454176684386,0.28881482827171284,0.32433062996144335
171446,,1,0.36169371389007443,0.3020004883665088,0.33630579774341685
36873,,1,0.3951823482417427,0.29861583224674637,0.30620181951151093
101007,,1,0.39117094084112264,0.2746307362308301,0.334198322928047
169480,,1,0.38045337976431576,0.31233527450815146,0.3072113457275327
46115,,1,0.3878138875763703,0.29358581972380915,0.31860029269982043
100539,,1,0.3864865530940045,0.3054741264719598,0.3080393204340358
47039,,1,0.3678742147819194,0.2925007942544734,0.3396249909636072
20035,,1,0.3605626209350427,0.28617268124376005,0.3532646978211971
104853,,3,0.35220540491176383,0.2939410680393597,0.35385352704887657
27294,,1,0.37721154218450115,0.30271586569686,0.3200725921186389
125002,,1,0.3638777574652658,0.30663249194897385,0.3294897505857604
144887,,3,0.28118952018796545,0.3445803922845185,0.3742300875275161
126251,,1,0.3672207593662296,0.29058941488388146,0.3421898257498888
29882,,1,0.38946400212852267,0.29592010443329786,0.31461589343817953
136769,,1,0.3812821853925136,0.2804933689501319,0.33822444565735466
58413,,1,0.38705838697568934,0.2864897010498626,0.32645191197444806
13261,,1,0.3669651235145837,0.28865143945378935,0.3443834370316269
56417,,1,0.36441209403920755,0.27996182130580405,0.35562608465498824
41841,,1,0.3523579763175547,0.33936789419355845,0.3082741294888869
110423,,1,0.3806209083491773,0.279740679168325,0.33963841248249765
62312,,1,0.37259534688026297,0.3027379916336972,0.32466666148603995
4902,,1,0.38782276648551267,0.2908046501162959,0.3213725833981914
2586,,1,0.3651225981341184,0.30639350648608676,0.32848389537979483
134128,,1,0.3562703951444625,0.31041564650739206,0.3333139583481454
110079,,1,0.3886897088746545,0.28705711261449135,0.3242531785108543
55905,,1,0.36425615091714586,0.2892326639483087,0.3465111851345453
61424,,1,0.3909993622656197,0.28215901950055017,0.3268416182338302
29223,,1,0.3811188897500489,0.27887232800673795,0.3400087822432132
26077,,3,0.33518707776029194,0.3081428010757148,0.3566701211639933
17050,,1,0.3807956356913284,0.29807530349264755,0.3211290608160238
108624,,1,0.38396215219885804,0.28176937735368346,0.3342684704474584
107715,,1,0.38446652811267623,0.2732489861923205,0.34228448569500325
172660,,1,0.3800537743524275,0.2941705448953104,0.3257756807522621
108867,,1,0.35808612147088914,0.30536146053671953,0.3365524179923912
171102,,1,0.3660743401609034,0.3080220233353102,0.3259036365037864
159766,,1,0.35304364484701395,0.29903546625969507,0.347920888893291
45346,,1,0.38355303673501984,0.2840220973595668,0.3324248659054133
72519,,1,0.3695628852509447,0.2899736084801314,0.34046350626892385
105254,,3,0.31955583267208604,0.3144453975319033,0.3659987697960106
106875,,1,0.3609150398574652,0.28229188220794343,0.35679307793459136
116078,,1,0.37690101857001607,0.2868694882256955,0.33622949320428847
111826,,1,0.3573391187102819,0.3095056814380139,0.3331551998517042
57818,,1,0.37308508863694007,0.2736047138939122,0.35331019746914777
27209,,1,0.3751736889930914,0.3070300988940231,0.3177962121128855
137975,,1,0.37911764747841337,0.2950984531318069,0.3257838993897797
39343,,1,0.37971865066469196,0.3007058109948343,0.31957553834047364
97217,,1,0.3601499532064992,0.3009925635779742,0.33885748321552667
151007,,1,0.386022331585725,0.2809335560948499,0.33304411231942516
140563,,1,0.3799658277053,0.2807305472217988,0.3393036250729012
70525,,1,0.38873404078317053,0.2970980464952536,0.314167912721576
133191,,1,0.3742295415299303,0.2894280818454474,0.3363423766246224
105146,,1,0.36022775472626595,0.31362227699271056,0.32614996828102344
32815,,1,0.35403208329608077,0.30305637346112985,0.34291154324278933
57216,,1,0.35766731269017643,0.2877523873177386,0.35458029999208485
106403,,1,0.3903262023767687,0.2786242229973151,0.3310495746259161
156160,,1,0.35707594162807765,0.29560827750388924,0.34731578086803305
111234,,1,0.3722055815506357,0.287154723250945,0.3406396951984193
124246,,1,0.3742969856375448,0.3166633153113639,0.30903969905109135
72040,,1,0.3943586450514763,0.2884656710609683,0.31717568388755535
39337,,1,0.37503339466709446,0.29982417855982424,0.32514242677308136
42136,,1,0.3574003152517478,0.3096898800100797,0.33290980473817244
19428,,1,0.37367956858094403,0.31328996790408953,0.31303046351496644
83657,,1,0.3770194412705107,0.2771264057591104,0.3458541529703789
151390,,3,0.3538125175149477,0.2883535426661905,0.35783393981886175
152712,,1,0.3683505803629612,0.3110015559753526,0.3206478636616862
169265,,1,0.36174935338132996,0.30973834423801727,0.3285123023806528
168628,,1,0.3800592486567706,0.2939990647037942,0.3259416866394352
38207,,1,0.3832768357508081,0.29328162068442154,0.3234415435647704
134915,,1,0.36190192678368155,0.2995553670570686,0.3385427061592498
109653,,1,0.38563403927285805,0.29012624168993134,0.3242397190372106
101511,,1,0.3667192415574719,0.30481333527449295,0.3284674231680351
108633,,1,0.36899759484154426,0.28375508030545415,0.3472473248530016
120320,,1,0.3768149705442287,0.2989146918232491,0.3242703376325224
96344,,1,0.401210530924271,0.2820956707958317,0.3166937982798973
22913,,1,0.37814020992435293,0.2910950646718036,0.33076472540384344
149656,,1,0.3794330915172663,0.30856328612682976,0.31200362235590395
148906,,1,0.371104588133069,0.28828591789716523,0.34060949396976586
140588,,1,0.38487135969397085,0.3139986566877366,0.30112998361829263
145725,,1,0.3716736408093179,0.2808534225585151,0.3474729366321669
63046,,1,0.3757684178402735,0.285131474501659,0.3391001076580675
110477,,1,0.3782715018057711,0.28141599083783525,0.34031250735639357
63503,,1,0.35403891758430356,0.29589313895365293,0.35006794346204345
15853,,1,0.36807067953424505,0.27999159428509973,0.3519377261806553
144351,,1,0.36043287649770994,0.3005665445515781,0.339000578950712
62341,,1,0.3671983396159524,0.3140497975210963,0.3187518628629513
97410,,1,0.3690641432632535,0.2951828495306746,0.33575300720607193
108425,,1,0.3662498652681636,0.2760395245915372,0.3577106101402991
169254,,1,0.3528459284540638,0.2964841022256127,0.35066996932032346
56352,,1,0.3848612544452845,0.29273501211011826,0.3224037334445972
89759,,1,0.37502012426140285,0.29378415426290777,0.3311957214756893
120731,,1,0.37353115840383344,0.3012718842909281,0.3251969573052384
103425,,1,0.3674045756721288,0.274480197245005,0.3581152270828663
99389,,1,0.3570409605397199,0.304872715964816,0.3380863234954641
105012,,1,0.3817721247041374,0.27006517700412264,0.34816269829174007
40298,,1,0.34841264557828583,0.31321620565463326,0.33837114876708096
132046,,1,0.36920840489079426,0.2863793762365172,0.3444122188726885
129277,,1,0.3827676446078118,0.29693920227563353,0.32029315311655465
113304,,1,0.38139718989070776,0.2825377306074278,0.3360650795018644
57318,,1,0.3774907850143563,0.30476636919350353,0.3177428457921402
95841,,1,0.37420167769458706,0.30984712582170204,0.31595119648371095
100696,,1,0.37150550721054815,0.30743038430053093,0.321064108488921
32871,,1,0.3688448404652578,0.31170720653322825,0.319447953001514
101063,,1,0.3689617325250205,0.30292345907556106,0.3281148083994184
151475,,1,0.37296861064922826,0.2943526363557915,0.33267875299498034
57590,,1,0.3869314314063991,0.2983878826421516,0.31468068595144927
122068,,1,0.3591890168057631,0.30613284308530037,0.33467814010893654
60631,,1,0.3575173000103301,0.2923826403817755,0.3501000596078943
170333,,1,0.36986708881191227,0.304776605788607,0.3253563053994807
95365,,1,0.38264079475523044,0.29078453669077714,0.3265746685539924
127227,,1,0.3616155875635507,0.3038364979767725,0.3345479144596769
172886,,1,0.36958833831371224,0.2800958173146301,0.3503158443716575
103755,,1,0.3657362931307225,0.29955449479034,0.3347092120789375
109242,,1,0.38703262190966997,0.29904378727558717,0.31392359081474286
170453,,1,0.3888585599303803,0.30728877706929764,0.30385266300032204
107733,,1,0.3639539218283782,0.3020184268737667,0.33402765129785517
56336,,1,0.3786182261856587,0.2880375199760492,0.33334425383829197
86278,,1,0.39350294142579617,0.28056680298169845,0.3259302555925053
13390,,1,0.38110942494462735,0.28634486249310975,0.33254571256226295
122356,,1,0.3777246524767138,0.29310492778550506,0.32917041973778116
118133,,1,0.35129081855980876,0.3118950489765628,0.33681413246362857
60566,,1,0.3709648332533241,0.2968919940810536,0.3321431726656223
64272,,1,0.36866859288946363,0.3026215679890194,0.328709839121517
99617,,1,0.3509974788338778,0.3110546240854903,0.337947897080632
54406,,1,0.3631010850502678,0.28841203862195625,0.3484868763277759
109889,,1,0.3797882686886053,0.2963946359943887,0.32381709531700603
59026,,1,0.37187019702412527,0.28809057995030163,0.34003922302557305
56573,,1,0.3605204312085031,0.2951731135890662,0.34430645520243075
23599,,1,0.3536828964673415,0.31442067992198214,0.33189642361067634
102385,,1,0.3771113594213045,0.293178840686249,0.3297097998924464
51365,,1,0.36668237153762023,0.2765447136028685,0.3567729148595113
67749,,1,0.3775088336783871,0.2944340007422166,0.3280571655793963
85413,,1,0.358911836448277,0.30697269277415834,0.3341154707775647
55206,,1,0.36524027338955056,0.3075690610448597,0.3271906655655897
130444,,1,0.37675036004963003,0.29399550023998766,0.32925413971038225
154158,,1,0.38837773548413584,0.27847679252743057,0.3331454719884336
115960,,1,0.37160261808080725,0.31294926950675983,0.31544811241243276
100030,,1,0.38227631808199963,0.28321790728983964,0.33450577462816083
118651,,1,0.3827566200465059,0.29424777655782003,0.32299560339567407
20180,,1,0.3760212434745195,0.2911158103497074,0.3328629461757731
85571,,1,0.37971608891992703,0.2865029420192714,0.33378096906080157
56123,,1,0.36558936499979955,0.2878337388647482,0.34657689613545223
48687,,1,0.3877280303348984,0.292048942698073,0.32022302696702853
67140,,1,0.37845813785230487,0.2824153510829689,0.3391265110647263
72608,,1,0.3796932349346282,0.3099707283555662,0.31033603670980553
102815,,1,0.3891862533634378,0.2954871691712031,0.3153265774653591
147955,,1,0.38399476038327546,0.2755625913857058,0.3404426482310187
46726,,1,0.35782106058038254,0.3093429921591127,0.3328359472605048
98045,,1,0.36798987338564737,0.2983437926455087,0.3336663339688439
127825,,1,0.40800000237371603,0.28541239275415176,0.3065876048721322
188531,,1,0.3767866599897898,0.2876627943236681,0.3355505456865421
15724,,1,0.3655556042647641,0.3101026770743711,0.3243417186608648
156083,,1,0.3752091139363366,0.28050478837955684,0.3442860976841066
147810,,1,0.3708002418415373,0.29243789777968543,0.3367618603787772
118804,,1,0.36959497714083667,0.2890167367132197,0.3413882861459435
161672,,1,0.3737882095192524,0.29590214617173355,0.3303096443090141
69636,,1,0.3677029574229906,0.3059841558637334,0.3263128867132761
134789,,1,0.3606972420597118,0.29318668719639596,0.3461160707438922
27742,,3,0.34606740559503335,0.2879541491869405,0.36597844521802614
11890,,3,0.31793590767344115,0.3333625070421218,0.3487015852844369
150439,,1,0.37857053819330755,0.28554896087937925,0.3358805009273132
107856,,1,0.37261621902087977,0.2812037621610201,0.3461800188181
69446,,1,0.37136973189699674,0.2814227354224961,0.34720753268050714
60746,,1,0.3630386598358291,0.28781987622582755,0.34914146393834344
168943,,1,0.3820697667825865,0.3141233145556244,0.3038069186617891
97029,,1,0.3787933059960527,0.29178411810140864,0.32942257590253854
115804,,1,0.37595484789353967,0.2934785385416732,0.3305666135647871
158583,,3,0.32835009813027405,0.3188786924791782,0.35277120939054785
59833,,1,0.3608974065746593,0.305508403879921,0.3335941895454197
108510,,1,0.36691614989105054,0.2862058362357086,0.3468780138732409
175851,,1,0.389527761164794,0.282915916861084,0.3275563219741219
108757,,1,0.3670774863076089,0.28394104058266184,0.34898147310972943
99182,,1,0.38410493720237693,0.2994908129383712,0.31640424985925186
111484,,1,0.38315991976368974,0.28438598950987537,0.33245409072643495
132378,,1,0.36164836928174476,0.30704614926007906,0.3313054814581762
104848,,1,0.3766313585279899,0.2943235258703413,0.3290451156016687
116743,,1,0.3746047126842038,0.29815698496755405,0.32723830234824214
74812,,1,0.37613332333080046,0.28582953293736396,0.33803714373183563
116339,,1,0.3867083491273998,0.289063108653817,0.3242285422187833
99622,,1,0.3642896433189998,0.2945280691685351,0.34118228751246515
71840,,1,0.37594830700006215,0.2859844371665144,0.33806725583342334
147727,,1,0.3593413949585839,0.29701043051025405,0.34364817453116203
169175,,1,0.3887893078481718,0.30075006401813736,0.31046062813369085
154229,,1,0.379148815897595,0.26775221733479504,0.35309896676761005
78190,,1,0.3724384554144451,0.2907899173096253,0.3367716272759296
139071,,1,0.37757049313346486,0.2975303327429648,0.32489917412357017
177975,,1,0.37148004708478827,0.3055020940024119,0.32301785891279977
58001,,1,0.35959026312378645,0.2891158449837757,0.351293891892438
38392,,1,0.3831023733205767,0.2833979721865428,0.33349965449288055
67803,,1,0.37226315233953744,0.305204078685779,0.3225327689746835
129523,,1,0.39274450615137435,0.28416737067618014,0.32308812317244556
113510,,1,0.3545705271830234,0.31792790662333337,0.3275015661936434
135877,,1,0.352335749449344,0.3012660577641808,0.3463981927864752
66749,,1,0.36283703530189354,0.2951358053201707,0.3420271593779358
25331,2.0,1,0.39837819677807257,0.2855566866415334,0.3160651165803939
116295,,3,0.35817313959906044,0.2774132728895058,0.36441358751143377
149790,,1,0.3807966812193135,0.29091882976558586,0.3282844890151007
46623,,1,0.3582993383174758,0.30881578006413046,0.3328848816183937
126462,,1,0.3801801942726061,0.3171861436752336,0.3026336620521602
137162,,3,0.34286346407345064,0.25017062194373674,0.40696591398281273
134470,,1,0.3707257082844045,0.29108298784753095,0.33819130386806456
121394,,1,0.35854767682348104,0.29194908742869824,0.3495032357478208
120639,,1,0.3665542310228879,0.30140885056170724,0.3320369184154048
129565,,1,0.380235061730565,0.30224308390918103,0.317521854360254
59394,,1,0.38483992562201025,0.29394673380366365,0.3212133405743261
148814,,3,0.3386408666353521,0.3223230606147593,0.3390360727498886
45343,,1,0.3779632107566364,0.2843386142887062,0.33769817495465737
188664,,1,0.3764637964604584,0.28690029041358284,0.3366359131259588
125652,,1,0.3474869996873309,0.3166782066844862,0.3358347936281831
135169,,1,0.38176051531584493,0.29439526555949586,0.32384421912465905
116916,,1,0.36632504088973145,0.2951551760257922,0.33851978308447633
43489,,1,0.3618266930553587,0.30501160229728624,0.333161704647355
13441,,1,0.37990059815108496,0.2924798430722055,0.3276195587767095
47488,,1,0.3781235718765047,0.3023291055953129,0.3195473225281824
107505,,1,0.38488094114866866,0.27850612871753394,0.3366129301337974
45480,,1,0.3700905275465388,0.30370642363392025,0.326203048819541
69028,,1,0.3791758084001506,0.27963371772932694,0.3411904738705226
168072,,1,0.38120201027429534,0.2930326955644554,0.3257652941612493
66399,,1,0.37965300240835226,0.3042881691744858,0.3160588284171619
25628,,1,0.37821175309080296,0.30804501404645285,0.31374323286274414
23051,,1,0.36032425997060497,0.30637690819014385,0.3332988318392512
105746,,1,0.3812394935662557,0.2748871354813814,0.343873370952363
149754,,1,0.36706172787686303,0.3109584718452941,0.32197980027784284
148701,,3,0.3359870877465657,0.32602293737226706,0.3379899748811673
127527,,1,0.35341994503261126,0.3045747603409238,0.34200529462646484
47867,,1,0.38943632721751487,0.294862517991065,0.3157011547914201
168918,,1,0.36367420346098256,0.3018418097174382,0.3344839868215792
139866,,3,0.34124253295524093,0.31520662052467385,0.3435508465200853
135376,,1,0.3732374003053938,0.28824013525483694,0.3385224644397693
134376,,1,0.36829605099763235,0.3008014499065404,0.3309024990958273
99747,,1,0.3720667933524794,0.30190296593824534,0.32603024070927533
147733,,1,0.36276537852811097,0.3008132698804246,0.3364213515914644
58264,,1,0.3653460428095856,0.2981890490596891,0.3364649081307253
156365,,1,0.3858167489639808,0.29383812661831693,0.32034512441770235
43392,,1,0.36891047029991814,0.28871483783164764,0.34237469186843417
133608,,1,0.3660745309185647,0.3058778385805318,0.32804763050090346
55363,,1,0.3755875135088694,0.28893367397623476,0.33547881251489575
134247,,1,0.3726828213313466,0.29161601083353045,0.33570116783512305
150329,,1,0.3794338941766178,0.28615844735442575,0.3344076584689565
104596,,1,0.3943093345532621,0.28142696587314003,0.32426369957359796
65177,,1,0.35132578553546734,0.32609261470492434,0.3225815997596084
109837,,1,0.3802853016624414,0.2851803014720769,0.33453439686548175
171064,,1,0.36025727173321453,0.32401160640970694,0.31573112185707847
113677,,1,0.3567639116068067,0.30963921333762734,0.33359687505556596
20176,,1,0.37689282039868155,0.2939537584456938,0.3291534211556246
32861,,1,0.37123562699877766,0.29665110042552373,0.33211327257569867
107414,,1,0.38442272875066646,0.289190336779073,0.3263869344702607
177298,,3,0.33209555424370846,0.32098286891287836,0.34692157684341324
100637,,1,0.3701759588793938,0.3070816679476717,0.32274237317293447
98291,,1,0.37953605012923347,0.2892539941644927,0.33120995570627365
155622,,1,0.39319686339312276,0.27991098406215476,0.3268921525447225
151174,,1,0.35017268524745376,0.31994009530181916,0.32988721945072713
151677,,1,0.3685806516970964,0.27349729879724893,0.3579220495056546
170633,,1,0.3671303524188277,0.29996822401302004,0.3329014235681523
153375,,1,0.3849768616889467,0.285305373618087,0.32971776469296626
2608,,1,0.3486553686473005,0.3314125586134307,0.3199320727392688
23500,,1,0.3604662819171657,0.3004515697446467,0.3390821483381875
99768,,1,0.3795463661450446,0.28660554932365806,0.3338480845312972
5800,,1,0.3548844231592505,0.30921536016572154,0.3359002166750279
158056,,1,0.3525884691907827,0.31490324607422304,0.3325082847349942
152901,,1,0.37893946149562635,0.3008244802882733,0.32023605821610035
62608,,1,0.3727852377758753,0.2979792545105805,0.3292355077135442
122693,,1,0.3833939435468914,0.2910607977208881,0.3255452587322205
161586,,1,0.36967791824283236,0.29719721410368805,0.33312486765347965
122739,,1,0.3833362636365858,0.2905190483504101,0.32614468801300417
72697,,1,0.35805642237519825,0.29921493865183785,0.34272863897296396
136222,,1,0.3708777988937603,0.28393837886716955,0.34518382223907024
27221,,1,0.3645375634600063,0.2916085596402426,0.3438538768997511
137126,,1,0.37144461742634755,0.28566525828991174,0.34289012428374077
106328,,1,0.35482816726633465,0.3012560592930941,0.3439157734405713
175029,,1,0.3600766392021486,0.2954120687868731,0.3445112920109783
149235,,1,0.36774123512205265,0.29516718668046577,0.33709157819748164
52370,,1,0.36445330729072306,0.3051934473396971,0.33035324536957994
102108,,1,0.3722920928939978,0.2913726571987964,0.3363352499072058
113968,,1,0.36782315266648397,0.3034334658550105,0.3287433814785055
45986,,1,0.3685549408943583,0.3005321432156099,0.33091291589003174
109192,,1,0.37958263762679395,0.28576591041400584,0.3346514519592002
48645,,1,0.3964904848880073,0.28905223997573215,0.31445727513626054
103036,,1,0.3615522427846821,0.29463087407647,0.34381688313884784
46222,,1,0.3839234546612063,0.28587427266876586,0.3302022726700277
66768,,1,0.38352964164140285,0.3069201415918184,0.3095502167667788
153385,,1,0.3837316293086177,0.2842373300032637,0.33203104068811856
109553,,3,0.3461100389701401,0.26402467727577594,0.3898652837540841
70540,,1,0.36933746022655634,0.3154153279564307,0.315247211817013
17092,,1,0.38895446194633815,0.2988300307739661,0.3122155072796958
97318,,1,0.3731404618103548,0.30704863282939737,0.31981090536024775
25069,,1,0.3547583615002036,0.3178176085607675,0.3274240299390289
61116,,1,0.3786942450497508,0.2934603613623185,0.32784539358793074
140033,,1,0.3883768414223109,0.2813878805453009,0.3302352780323884
133996,,1,0.3586121544484718,0.3000905982081245,0.34129724734340366
3008,,1,0.3700185184406579,0.29083969251021796,0.3391417890491242
112722,,1,0.3750176103388588,0.28725875717458893,0.3377236324865522
15593,,1,0.3825226850399603,0.2890227723815377,0.3284545425785022
66775,,1,0.3767716927841666,0.2950286883913718,0.3281996188244616
11707,,1,0.3803460855298148,0.2975612551220234,0.3220926593481617
107098,,1,0.38154414219003346,0.28740947199885963,0.331046385811107
127194,,1,0.36188146913244096,0.30662899524205833,0.33148953562550076
37237,,1,0.3744059163401329,0.2951398037532828,0.33045427990658427
46576,,1,0.3743691728415978,0.30136624496045283,0.32426458219794935
80654,,1,0.37879149419404984,0.29227000022380045,0.3289385055821498
103840,,1,0.3538719102418378,0.29331220801862695,0.3528158817395353
107899,,1,0.3837631423440996,0.27897316373091935,0.33726369392498107
159707,,1,0.373308652931489,0.297630770576506,0.3290605764920049
58372,,1,0.36029845561557267,0.30274304420054743,0.3369585001838799
168853,,3,0.3411966753109518,0.3108935368379425,0.3479097878511057
105706,,3,0.35077747114409,0.28645061405075173,0.3627719148051582
15752,,1,0.39166795002081234,0.2831101577082601,0.32522189227092757
107735,,1,0.36378107454343744,0.29404659928784294,0.3421723261687196
176549,,1,0.37815742080733666,0.2959817163343484,0.32586086285831484
114207,,1,0.3784678872060895,0.29590094932422273,0.32563116346968773
148005,,1,0.38155018356976383,0.2967449042000308,0.3217049122302054
29620,,1,0.37419646116299554,0.28721351185564126,0.33859002698136315
111804,,1,0.3907309912500486,0.30386031401361707,0.3054086947363343
13917,,1,0.3702194458697923,0.2976672428768786,0.33211331125332905
59948,,1,0.3805176456462032,0.2995589423346931,0.31992341201910357
169572,,1,0.39166839448845636,0.2941206559154629,0.3142109495960807
85464,,2,0.33603396300318505,0.3416349585821905,0.3223310784146244
126953,,1,0.36631327061261576,0.31147454217052106,0.3222121872168631
47902,,1,0.35828127188541015,0.3108755929477472,0.33084313516684266
52232,,1,0.3579826344834325,0.3206542381541296,0.321363127362438
50315,,1,0.3647376617939748,0.2904302052341157,0.3448321329719095
149383,,1,0.3542730015472892,0.31775327646853324,0.3279737219841776
56107,,1,0.3632819004953306,0.285518537820085,0.3511995616845844
4862,,1,0.34324289728018115,0.315323818578614,0.34143328414120483
59783,,1,0.3565531050100833,0.31907773283900476,0.3243691621509119
71673,,1,0.37175814444574146,0.29070005588821834,0.3375417996660401
142224,,1,0.382961557199286,0.29357008423630354,0.3234683585644105
156037,,1,0.3890571259192094,0.26826241768907805,0.34268045639171263
109197,,1,0.3798281238935375,0.27420008834316045,0.3459717877633021
70326,,1,0.3850572875288043,0.2842684532684228,0.3306742592027729
35899,,1,0.37727941967863116,0.28427972336574353,0.33844085695562537
58085,,1,0.3660165769250805,0.3034651791437381,0.33051824393118134
156327,,3,0.3556326494578697,0.2747421063863262,0.36962524415580406
113012,,1,0.37010510189362206,0.29099432589463403,0.3389005722117439
106457,,3,0.342743955916101,0.3134527063541865,0.3438033377297125
148433,,1,0.3640537043359924,0.31339999793262624,0.3225462977313814
51222,,1,0.3563022619266091,0.3052334632169274,0.3384642748564635
154767,,1,0.38531090754447134,0.28091398962874886,0.33377510282677975
106354,,1,0.3836616397302281,0.2813761100142883,0.33496225025548354
112663,,1,0.37117001540738065,0.29018598165186327,0.33864400294075603
64887,,1,0.37502783199438905,0.30733884932069055,0.3176333186849204
38432,,1,0.34812929267370823,0.3120274361269036,0.3398432711993882
135346,,1,0.37833749036698333,0.29259378661930247,0.3290687230137143
104687,,1,0.36505439660063743,0.28715461463647596,0.3477909887628866
27274,,1,0.36869003972875874,0.28668610041903625,0.34462385985220484
27784,,1,0.37413881700421703,0.2938305763459541,0.3320306066498288
56533,,1,0.3813275772198412,0.29350427954024405,0.32516814323991494
117400,,1,0.37521863571789377,0.28531793794117244,0.33946342634093385
61255,,1,0.3750506998342007,0.2853048537972296,0.3396444463685698
25493,,1,0.3643189549215557,0.30668944602656667,0.3289915990518777
3005,,1,0.35580692716563656,0.3109006215240838,0.3332924513102796
153327,,1,0.3908127284955784,0.2857054893684746,0.3234817821359468
96413,,3,0.3373554865398907,0.3162245136030996,0.3464199998570096
102563,,1,0.3791965386543441,0.27921818075538174,0.34158528059027415
55837,,1,0.370416127656243,0.289370949035303,0.34021292330845393
106429,,1,0.353183847498716,0.2948820363347582,0.35193411616652576
1389,,1,0.346480252732987,0.31905639674041286,0.33446335052660003
34734,,1,0.3546968037601784,0.30665955839094766,0.3386436378488739
23501,,1,0.3703664088469644,0.2996275521980313,0.33000603895500424
26056,,1,0.36039698794512554,0.29697029418760357,0.3426327178672708
137759,,1,0.3762733352892173,0.2842997038520353,0.3394269608587474
108274,,1,0.37847161365625226,0.2837215374189056,0.33780684892484225
102235,,1,0.36972828227335386,0.3012776341795052,0.32899408354714094
118303,,1,0.35593114848172286,0.31457991832510307,0.32948893319317407
174534,,1,0.34664201978196896,0.32061400716974103,0.3327439730482901
102352,,1,0.39203622897488,0.28342021799834993,0.3245435530267701
96940,,1,0.3767028163425578,0.30137371889736864,0.3219234647600735
78156,,1,0.3720525945168226,0.28354513641402945,0.34440226906914795
48538,,1,0.39164310953174997,0.3015053896975859,0.306851500770664
99731,,1,0.37648673016142703,0.29831622359592025,0.3251970462426527
86254,,1,0.3767050204592974,0.29117525185055343,0.33211972769014925
20272,,1,0.3670546062989429,0.2719020378989816,0.3610433558020755
67894,,1,0.3647733295001613,0.3030562162893816,0.3321704542104571
78025,,1,0.3544333444651244,0.2952949445187932,0.35027171101608234
142181,,1,0.3822085646212231,0.2838732121153044,0.33391822326347254
15680,,1,0.364800673489871,0.3033095438483593,0.33188978266176977
168414,,1,0.36530720486532514,0.3156150649644872,0.31907773017018753
137662,,1,0.3797911649844369,0.28210716553277015,0.3381016694827931
105231,,1,0.38610227267198005,0.2835593608981184,0.3303383664299015
133949,,1,0.36494354890622815,0.29627184604132073,0.3387846050524511
62346,,1,0.3826189479437462,0.29875348611521263,0.3186275659410411
88102,,1,0.3786723368961656,0.28733871788855964,0.33398894521527495
55279,,1,0.3588949118878491,0.2974639327831374,0.34364115532901346
64731,,1,0.3681222100484389,0.31242232186217606,0.31945546808938496
110859,,1,0.3582968632699031,0.3200577223925559,0.32164541433754107
25344,,1,0.3662732081790651,0.3050532225354013,0.3286735692855335
154200,,1,0.36616029998347516,0.28827438577263115,0.3455653142438937
133496,,1,0.38899070182213513,0.28586936834524057,0.3251399298326243
115443,,1,0.37919575926815674,0.29997392878984286,0.3208303119420003
188743,,1,0.36647722899686674,0.2904547997045395,0.3430679712985938
65154,,1,0.3867870871374072,0.29262991251601156,0.3205830003465813
60345,,1,0.3489422444387021,0.3036417473737669,0.347416008187531
127328,,1,0.373618708764965,0.2955394096310115,0.33084188160402345
110352,,1,0.38179753898879315,0.267729985442721,0.350472475568486
135885,,1,0.37826169531876963,0.2885209907962834,0.33321731388494696
122244,,1,0.37517954510292134,0.29406514815013346,0.3307553067469452
137925,,1,0.37331199984507474,0.29698184193380717,0.32970615822111804
96067,,1,0.34949869977896414,0.30791023626378033,0.3425910639572554
57013,,1,0.3737845587491395,0.29739935171331566,0.32881608953754493
57684,,1,0.3776202617549771,0.2883638520722873,0.3340158861727356
138321,,1,0.3606259664309647,0.2913341223546451,0.3480399112143902
124150,,1,0.3668074246690139,0.3065702559500201,0.32662231938096603
158851,,1,0.39025979511249276,0.2802766550321866,0.32946354985532067
153231,,1,0.3667812747689406,0.2974137445032351,0.3358049807278243
53057,,1,0.3805059585738234,0.2862876248703268,0.33320641655585
116329,,1,0.38031963249927314,0.29212122739888163,0.32755914010184517
126400,,1,0.3719751696794673,0.2885182016258252,0.3395066286947075
75418,,1,0.3508064829597146,0.3093031915209882,0.3398903255192973
145501,,1,0.3810206727000048,0.27923277528122187,0.33974655201877346
155915,,1,0.36701144975131894,0.28907798246707106,0.34391056778160994
69501,,1,0.3673758661462451,0.2890536481359627,0.3435704857177923
60839,,1,0.38967196913159013,0.2719275962279324,0.3384004346404775
131253,,1,0.3610390620105637,0.31216366062224116,0.3267972773671951
64980,,1,0.3693540600444541,0.30026786634630664,0.33037807360923926
4636,,1,0.3836964955966507,0.2854989595244487,0.3308045448789005
138355,,1,0.37833152518227364,0.30569285606232155,0.31597561875540475
135104,,1,0.3837616740140082,0.3014899021315739,0.3147484238544179
130229,,1,0.37584630358530874,0.29458289165673296,0.3295708047579583
96327,,1,0.3551312879005438,0.30504979394624326,0.33981891815321297
175968,,1,0.3568655920674013,0.30889640007183544,0.33423800786076324
160285,,1,0.3690135751656926,0.2974094000921252,0.3335770247421822
140136,,1,0.39389531429483216,0.27979369340975474,0.32631099229541305
67883,,1,0.3712494175137083,0.29870039116348723,0.33005019132280444
29150,,1,0.37800923731556896,0.2991278657635173,0.32286289692091363
24232,,1,0.37034367360425907,0.29397935265146596,0.335676973744275
15708,,1,0.38537485500897256,0.2911936632612139,0.3234314817298137
46852,,1,0.3601355989122018,0.3066430511245247,0.33322134996327346
56670,,3,0.3553507295879428,0.2853540561328491,0.3592952142792082
45308,,1,0.39601568052588804,0.27529685182880687,0.32868746764530515
29143,,1,0.3723470196921711,0.29910526626594597,0.328547714041883
138643,,1,0.3783706522284349,0.2856456393315705,0.3359837084399946
125450,,1,0.36232586099513003,0.28390768601983496,0.35376645298503484
56433,,1,0.37408226702906394,0.28485005628896437,0.34106767668197174
102042,,1,0.3905955540084263,0.295779165143807,0.31362528084776675
121368,,1,0.37660679766826904,0.30353807729914184,0.31985512503258906
94242,,1,0.37335993682780455,0.32980814161683564,0.29683192155535976
45648,,1,0.38290629870444093,0.2925168166480502,0.32457688464750883
136996,,1,0.37810575715535094,0.29863432879484286,0.32325991404980614
122841,,1,0.38747395339625457,0.289017523687347,0.32350852291639837
100192,,1,0.38494628533343855,0.2987099449869208,0.3163437696796407
67132,,1,0.3851819630312057,0.29809626464874195,0.31672177232005233
53577,,1,0.37355813802366156,0.2900836284160301,0.33635823356030825
38470,,1,0.38550535661187035,0.2719773907210686,0.34251725266706107
20380,,1,0.3770102556449212,0.29275697987573923,0.3302327644793395
96414,,1,0.343257241374004,0.32564403409116327,0.33109872453483286
88197,,1,0.3910659482098212,0.2891999413067697,0.31973411048340916
154257,,1,0.38071992178050457,0.28070875598450823,0.33857132223498715
75836,,1,0.3768287772890015,0.2929956131436188,0.33017560956737974
108976,,1,0.36812424302664665,0.28208603549012773,0.3497897214832257
133083,,1,0.3869980427650489,0.287121847493616,0.325880109741335
136691,,1,0.3740269251165186,0.29255273879759197,0.33342033608588956
136341,,1,0.3839322123534826,0.2833624609401953,0.3327053267063221
131237,,1,0.37275487501672144,0.3028326233661713,0.32441250161710733
145140,,1,0.3667351195058574,0.2945446091486012,0.3387202713455414
104577,,1,0.38171480905209487,0.2823212318824354,0.33596395906546983
113059,,1,0.36605906532231797,0.2999755670435001,0.33396536763418194
42159,,1,0.3579831214062216,0.3023084366331405,0.3397084419606379
27212,,1,0.3857003181303948,0.29881072541314074,0.3154889564564646
170092,,1,0.37702870793523696,0.29649867826926074,0.32647261379550235
48017,,1,0.394202992625419,0.2910645915446056,0.31473241582997535
117210,,1,0.36342147349683673,0.29204805874146167,0.34453046776170154
122818,,1,0.38975576165197595,0.3058421972318696,0.30440204111615443
65216,,1,0.37708369648926354,0.29527472508626607,0.3276415784244704
153126,,1,0.37897296743794673,0.2896596029903142,0.33136742957173915
116491,,1,0.37461287066422305,0.2893245232787068,0.33606260605707017
155686,,1,0.38192598917932336,0.28414672365730004,0.33392728716337644
125350,,1,0.3667747326485031,0.2902232500546987,0.34300201729679825
126241,,1,0.3851657877195137,0.3049126248699496,0.3099215874105366
122463,,1,0.3662627212971579,0.29094972095552357,0.3427875577473184
171339,,1,0.3849764033925794,0.28949368466731357,0.32552991194010705
113972,,1,0.36859081654779596,0.29596053955875856,0.3354486438934455
101525,,1,0.3760207154147653,0.3026383686559768,0.3213409159292579
96991,,3,0.3389542140661378,0.3163056877078103,0.34474009822605195
119974,,1,0.36491798665218833,0.306364727507406,0.32871728584040555
151029,,1,0.36327774580937855,0.3004042411959911,0.3363180129946303
41555,,1,0.34667977198735084,0.33860041151766557,0.3147198164949837
106594,,1,0.37172158902011115,0.3006273362813319,0.3276510746985569
103542,,1,0.38804556417098146,0.2847646446765708,0.3271897911524479
129405,,1,0.36599990410339517,0.31255842975835835,0.32144166613824665
152834,,1,0.3754283698799287,0.3013647740856678,0.32320685603440347
35941,,1,0.3882753436671025,0.28205726814738147,0.32966738818551605
38542,,1,0.37957344545177246,0.27633309200330675,0.34409346254492074
122426,,1,0.3638291123291995,0.30364199261392794,0.3325288950568725
166575,,1,0.3755387265928934,0.2876512066597918,0.3368100667473147
85132,,1,0.3809157066361788,0.2926834160796524,0.3264008772841688
134063,,1,0.37248330874133057,0.28610166446302693,0.3414150267956424
122871,,1,0.36991423802065104,0.304970385334271,0.32511537664507784
60327,,1,0.37533286045652015,0.2983587452143357,0.32630839432914416
27244,,1,0.3597403214519514,0.3075704452448496,0.332689233303199
15891,,1,0.37732657706422285,0.2860764726726681,0.3365969502631091
173598,,1,0.3758922850821722,0.2984543702648794,0.3256533446529484
173396,,1,0.3632836897230294,0.28445590322685604,0.3522604070501147
77107,,1,0.3664473821551072,0.27636716816971707,0.35718544967517585
111067,,1,0.38437229347739954,0.2875081307132202,0.32811957580938034
55860,,1,0.3757006309668944,0.29990317470775835,0.3243961943253472
48136,,1,0.35889182268563546,0.310068435965654,0.3310397413487105
172582,,1,0.38417103332419855,0.2901393659931171,0.3256896006826844
107643,,1,0.38391828700580444,0.28296771883249777,0.33311399416169774
95398,,1,0.3774590850483183,0.2916107199962531,0.33093019495542864
113834,,1,0.38490390795244345,0.29138967357431944,0.32370641847323706
61101,,1,0.3661711844856207,0.3114540868035736,0.3223747287108057
107853,,1,0.372282171848145,0.2683410375833789,0.35937679056847605
149870,,1,0.36242263481874754,0.2891486762652688,0.34842868891598366
186835,,1,0.3786929624861947,0.295920113101823,0.32538692441198225
39562,,1,0.3892378127521856,0.2893719601254439,0.3213902271223704
4203,,1,0.3848387364386358,0.28239172967602494,0.3327695338853393
168056,,1,0.3796040584306065,0.30295702337521996,0.31743891819417347
173445,,1,0.3552389039748709,0.29943869033801346,0.34532240568711564
74020,,1,0.3777741539022432,0.2993530233386885,0.32287282275906826
175513,,1,0.3840191207962806,0.29367480461171763,0.3223060745920016
135051,,1,0.36980327816740505,0.2870127535201576,0.34318396831243736
173584,,1,0.3690392337874195,0.29756615806464876,0.3333946081479317
175137,,1,0.3498809382313957,0.3026102250918423,0.3475088366767619
182850,,1,0.3584398709650017,0.3026128483290677,0.33894728070593055
19477,,1,0.3686431366098934,0.2877660395921574,0.34359082379794914
122172,,1,0.36048940752142977,0.3079735899121607,0.33153700256640967
163984,,1,0.3758846817785934,0.3052813667054449,0.3188339515159617
155671,,1,0.3616772216378026,0.2851622666447603,0.3531605117174371
155887,,1,0.35985523582147255,0.2924785014174592,0.34766626276106827
149822,,1,0.3874439541821024,0.31443344963805175,0.298122596179846
25099,,1,0.35555701923503624,0.3254736596354551,0.31896932112950876
110402,,1,0.3840500102149641,0.29472860515773214,0.3212213846273038
54421,,1,0.4037826895707438,0.28361054064762986,0.3126067697816263
132959,,1,0.37994102171584093,0.289175847731151,0.33088313055300805
167210,,1,0.3904360847847536,0.2765360248007472,0.3330278904144992
174817,,1,0.37347396939354194,0.2836714922098916,0.3428545383965664
17253,,1,0.37622210743733786,0.3076282624588287,0.31614963010383335
57081,,1,0.3892857650793997,0.29093559070269126,0.31977864421790914
148840,,1,0.3610797903023998,0.31332223915854923,0.32559797053905115
90328,,1,0.378720186892392,0.3057446830833358,0.31553513002427214
135547,,1,0.37436106213243553,0.29410325038280705,0.33153568748475737
86267,,1,0.38808234050668877,0.2908870334990546,0.32103062599425664
115956,,1,0.3810753630427944,0.30026544020475276,0.31865919675245286
62165,,1,0.3658656404983967,0.3097901586769894,0.3243442008246138
121783,,1,0.37131320039165233,0.30250251940360046,0.3261842802047472
186684,,1,0.37817995707585367,0.29437864194373264,0.32744140098041374
23945,,1,0.3661192108189545,0.3177473343934802,0.3161334547875652
110484,,1,0.37327507296634554,0.28372399803994597,0.34300092899370854
92675,,1,0.36697010494855975,0.29277762459979345,0.34025227045164685
30240,,1,0.3647986810303307,0.2982983922973628,0.3369029266723065
174871,,1,0.38555947144832836,0.3018964683220345,0.31254406022963704
24054,,1,0.38073776902194123,0.2959281994039561,0.3233340315741026
73353,,1,0.3731166191201402,0.2863471892192894,0.3405361916605705
96251,,1,0.35762328737898563,0.28612504613554113,0.35625166648547324
130775,,1,0.37762993142112355,0.30743886973283907,0.3149311988460374
102152,,1,0.35696633251240406,0.3093375526572082,0.3336961148303877
26117,,1,0.3758702711727906,0.297365124089792,0.32676460473741736
28062,,1,0.36875759392180735,0.28629169856662595,0.3449507075115666
56970,,1,0.372074185301732,0.2882348619953665,0.3396909527029015
173406,,1,0.3720939517513492,0.29592301081610206,0.3319830374325487
116869,,1,0.3537861818976754,0.3165810742889586,0.32963274381336594
32506,,1,0.37125045697231596,0.29087459718322956,0.3378749458444546
138141,,1,0.3808887132226188,0.2925530533939988,0.32655823338338236
95038,,1,0.3741216987184359,0.315648360490755,0.310229940790809
168293,,1,0.37238839073231644,0.30738043194970827,0.32023117731797524
51189,,1,0.3794151165192945,0.28322571098905347,0.3373591724916521
4756,,1,0.359281738909213,0.28606142089871606,0.354656840192071
37981,,1,0.3750322364273705,0.28677365069071165,0.33819411288191786
52960,,1,0.3635862815388213,0.3033510151260444,0.33306270333513427
134418,,1,0.37041551199089723,0.29437586361827817,0.3352086243908246
153398,,1,0.38217915753025716,0.2923036651040725,0.3255171773656703
141024,,1,0.3658302320913197,0.29794163959730047,0.3362281283113797
