idmatch,result_finish_match,result_finish_match_prediction,proba_win_1,proba_draw,proba_win_2
47765,,1,0.3737788925990021,0.3047467843664014,0.32147432303459644
15848,,1,0.38799115593078853,0.2777856642845686,0.33422317978464283
102453,,1,0.3679401076991696,0.30709042244763707,0.3249694698531933
123683,,1,0.3823064822961257,0.30489354796195045,0.31279996974192376
27475,,1,0.3712910646223101,0.29156108615762805,0.3371478492200618
58689,,1,0.38591101462397415,0.2755895338744258,0.3384994515016001
11765,,1,0.3718081486397691,0.3131218926876419,0.315069958672589
111668,,2,0.3400197076294792,0.34031170688505374,0.31966858548546695
15224,,3,0.34325393026030254,0.29838298683385256,0.35836308290584473
135836,,1,0.3792456427285327,0.28633678859953954,0.33441756867192785
60303,,1,0.38350243349619295,0.2987113207281752,0.31778624577563186
152240,,1,0.38146568042979845,0.2976162631032103,0.3209180564669911
59023,,1,0.3808439968808591,0.28744297748567904,0.3317130256334617
66450,,1,0.37198009770307366,0.29891231424508347,0.32910758805184287
42103,,1,0.367436074402276,0.31336185604530775,0.31920206955241637
111760,,1,0.3742577203880447,0.30532163048711586,0.3204206491248394
112089,,1,0.3780301204000471,0.27818682099291475,0.34378305860703817
64780,,1,0.3781830657420634,0.3001191677947634,0.3216977664631733
38200,,1,0.35444319760345205,0.313655118706424,0.33190168369012396
103697,,1,0.37596425387339916,0.2897712551730681,0.3342644909535328
30126,,1,0.3788607785381224,0.2852189497099378,0.3359202717519397
96579,,1,0.36902741904858477,0.29162023740275456,0.33935234354866056
24772,,1,0.3481292403285434,0.30471702156697894,0.3471537381044775
98197,,1,0.365971542180454,0.3136833268345552,0.32034513098499073
48514,,1,0.36426669940783696,0.2908499406957397,0.34488335989642327
62107,,1,0.3484923654037575,0.3124780644237564,0.33902957017248614
106796,,1,0.3867001688133093,0.2871649169747356,0.326134914211955
167262,,1,0.38455907317752513,0.2952232764919415,0.3202176503305333
108846,,1,0.3889954554616229,0.2971488570697205,0.31385568746865655
75447,,1,0.37663828298270474,0.2798920066890495,0.34346971032824586
171929,,1,0.36884141328899644,0.30523894648256056,0.32591964022844305
65259,,1,0.378324597737536,0.29610170925442236,0.3255736930080416
46763,,1,0.37118220282599207,0.3101355717834258,0.31868222539058216
106528,,1,0.37418224975413583,0.29741813912811854,0.3283996111177455
173504,,1,0.3722399593141561,0.31805947749331115,0.3097005631925328
64680,,1,0.3743176773396035,0.3042488067099075,0.3214335159504889
108119,,1,0.3841476233334789,0.28539660373144876,0.3304557729350724
67863,,1,0.36929915815315056,0.301949348752735,0.32875149309411444
173911,,3,0.3329171470994545,0.26024425260966055,0.40683860029088487
124621,,1,0.374066549496001,0.2851817294921795,0.34075172101181944
102768,,1,0.3693982763296364,0.2903467613945922,0.3402549622757715
104914,,1,0.3704275535153734,0.30114143103632934,0.32843101544829734
135193,,1,0.3699063559564758,0.30264187683711125,0.3274517672064129
85106,,1,0.3808183545821584,0.29422537604250176,0.3249562693753397
75264,,1,0.3828330403763119,0.2997377145936934,0.3174292450299947
36932,,1,0.37046978110201684,0.29458374247866886,0.33494647641931435
150681,,1,0.38264146542999644,0.2887644591134533,0.32859407545655034
133082,,1,0.38378733532331305,0.2941574826551217,0.32205518202156524
120644,,1,0.3807727692899638,0.2928048072329224,0.3264224234771138
125002,,1,0.3696844822841721,0.3009689705224698,0.3293465471933582
55208,,1,0.374900785527314,0.301489111081977,0.323610103390709
151826,,1,0.3849136271596962,0.2685736910162488,0.3465126818240549
96230,,1,0.4081770620993768,0.30741224218614427,0.2844106957144789
57628,,1,0.3675297912828046,0.28835569527654503,0.3441145134406503
69095,,1,0.3739937475250404,0.297241337477371,0.3287649149975886
42277,,1,0.3657583333187935,0.3110816549662016,0.3231600117150049
99362,,1,0.35033623831998595,0.31133340712003715,0.33833035455997684
96019,,1,0.36545980121149046,0.29861023210810567,0.33592996668040387
25320,,1,0.36750533103562644,0.29564786527834996,0.3368468036860236
181100,,1,0.36714162454056243,0.3009054930147462,0.33195288244469145
5934,,1,0.36995119189596115,0.27434994764568815,0.35569886045835075
158840,,1,0.38739002310826526,0.2996331915446904,0.31297678534704443
132070,,1,0.36693936571196034,0.3042835090745317,0.3287771252135079
111278,,1,0.3765216082671519,0.289452692226809,0.33402569950603905
106741,,1,0.3787846836832183,0.29909525552297683,0.32212006079380495
118160,,1,0.3674684026880291,0.30622397964046927,0.3263076176715017
97520,,1,0.3844145442930951,0.2756830342279385,0.3399024214789663
67937,,1,0.37041300583625036,0.30325931757874947,0.3263276765850002
151026,,1,0.3685453806623598,0.3003357353652179,0.3311188839724223
134154,,1,0.38484182937032824,0.2958397176149912,0.31931845301468054
134670,,1,0.37092514255922043,0.2941379195547702,0.3349369378860093
64977,,1,0.3740961884861466,0.2975213208139683,0.3283824906998852
105087,,1,0.37975834896901656,0.2954503813924693,0.3247912696385142
153193,,1,0.37008738368275285,0.3033686409218813,0.3265439753953659
111205,,1,0.38489093023990084,0.2851542684103847,0.32995480134971433
110079,,1,0.3908078375514161,0.29298824828997316,0.3162039141586106
94560,,1,0.3724439752870618,0.30233601516789876,0.32522000954503955
64699,,3,0.34059012251959414,0.3103472631478338,0.3490626143325721
59900,,1,0.38614538920729413,0.29849411527995084,0.3153604955127551
116420,,1,0.36707501596034864,0.29642296660745254,0.3365020174321987
25611,,1,0.39026008183657535,0.2965964683991216,0.3131434497643029
175154,,1,0.3692753069570854,0.283228721737235,0.3474959713056797
60227,,1,0.381133884674174,0.2859863196466275,0.3328797956791985
59848,,1,0.3532191888982984,0.31437015335764185,0.3324106577440597
55198,,1,0.37969828171612074,0.29709648180541165,0.3232052364784675
145669,,1,0.3870014319182019,0.28655559896970634,0.3264429691120918
29716,,1,0.37753918405848763,0.28469582592504583,0.3377649900164666
99041,,1,0.3666202321491987,0.30729569484465,0.3260840730061512
17050,,1,0.38474049684286243,0.3008177075926502,0.31444179556448737
88385,,1,0.37775338302156525,0.2987390357446475,0.3235075812337872
168879,,1,0.38215129788366997,0.2968461823127006,0.32100251980362954
55140,,3,0.3444456427709108,0.30958690220399915,0.3459674550250901
150931,,1,0.3751465834045755,0.29717742323042373,0.3276759933650008
151451,,1,0.3707478401501415,0.3093170791372561,0.3199350807126023
71997,,1,0.3513845444423956,0.3187827610491249,0.3298326945084795
107715,,1,0.38533373589903885,0.2783813727839536,0.3362848913170076
152859,,1,0.3794473282538559,0.29735059352852594,0.32320207821761815
93988,,1,0.36709417672919387,0.31919438412883766,0.3137114391419684
124054,,1,0.38666911193426656,0.2973975763402384,0.3159333117254951
110108,,1,0.3801865734396889,0.2908209891465229,0.32899243741378825
101087,,1,0.36225141024385993,0.3050227455795998,0.33272584417654016
60037,,1,0.38441528834016714,0.30167845453371095,0.31390625712612186
136412,,1,0.36666639289466335,0.29313679238623713,0.3401968147190996
172660,,1,0.3800898678442953,0.29188907971773054,0.3280210524379741
70662,,1,0.39039031780029454,0.29219615600521487,0.31741352619449054
108867,,1,0.35920374669913463,0.30168584291127243,0.33911041038959294
148899,,1,0.36704517745133586,0.3010848275171977,0.33186999503146636
48197,,1,0.40502471598496026,0.2551100744495006,0.3398652095655391
105254,,3,0.3354617385491484,0.3031637401791739,0.36137452127167774
27267,,1,0.38914082544034173,0.30223936895963877,0.3086198056000195
66168,,1,0.36098895555171606,0.287209803197242,0.35180124125104184
95091,,3,0.3233549024389592,0.324172932888931,0.35247216467210973
134554,,1,0.3761317503458113,0.29680179138332935,0.32706645827085934
116078,,1,0.3781081234604582,0.2912778709559264,0.33061400558361537
48144,,1,0.3920107601449789,0.2853683134333565,0.32262092642166457
37820,,1,0.3786811052361032,0.29082657022067904,0.3304923245432178
37832,,1,0.3734447556186636,0.2935925569235652,0.33296268745777113
136018,,1,0.3701501049467261,0.3024290151201548,0.3274208799331191
149746,,1,0.3586682517476362,0.3163219952923748,0.325009752959989
102607,,1,0.3595647281538183,0.2971856230300638,0.34324964881611797
151376,,1,0.37050484382111387,0.30369243213716285,0.3258027240417233
101465,,1,0.39121606208777404,0.29463275977200515,0.31415117814022087
69564,,1,0.3833616873184562,0.30634511153763533,0.31029320114390846
101721,,1,0.37362435512598074,0.2931859514061476,0.3331896934678717
70525,,1,0.3900363667409616,0.30420993129292195,0.30575370196611634
123745,,1,0.35422520089627935,0.2996724673696577,0.34610233173406285
150940,,1,0.3822676729154239,0.28799886985061135,0.32973345723396463
148817,,1,0.36697131536814753,0.3069729735622054,0.32605571106964715
42100,,1,0.384203701340827,0.3046616803885276,0.31113461827064537
71838,,1,0.3699412339204332,0.2799835004313428,0.350075265648224
34662,,1,0.3764176905218682,0.2948394331692426,0.3287428763088892
91074,,1,0.35176489831972524,0.33089530545533247,0.3173397962249424
133191,,1,0.3622223647622865,0.2953571055139146,0.3424205297237987
129500,,1,0.3598064998466161,0.3040837844869722,0.3361097156664117
153601,,1,0.3886708821758733,0.27862376130290334,0.3327053565212234
20218,,1,0.3864353638583624,0.28416787372295493,0.3293967624186827
25798,,1,0.38370553953653036,0.300654469560424,0.3156399909030457
71494,,1,0.3591371016457121,0.30450401915883357,0.3363588791954543
98100,,1,0.37358217777198716,0.30076487565358984,0.32565294657442306
85093,,1,0.3722473092481026,0.2973087044305049,0.3304439863213925
185580,,1,0.38059493537097033,0.2995633579495422,0.3198417066794876
108415,,1,0.36901612074034706,0.28814817216597344,0.3428357070936795
69585,,1,0.38131450814216294,0.2768834191107858,0.3418020727470513
125565,,1,0.36804032862320635,0.3090097592686959,0.3229499121080977
70602,,1,0.38099612083232903,0.2969456537241965,0.3220582254434744
124246,,1,0.38068544803013654,0.30981517553588095,0.30949937643398245
45782,,1,0.3658407211043906,0.28727052121143465,0.3468887576841746
134393,,1,0.3970599651266531,0.29168624329153287,0.3112537915818141
97398,,1,0.3561266680282837,0.30461964580116335,0.33925368617055285
144433,,1,0.3733221209624826,0.294742404033626,0.3319354750038914
98440,,1,0.37819369829428556,0.305442191789734,0.3163641099159804
19118,,1,0.372236826338654,0.2962931787381822,0.33146999492316387
29715,,1,0.3852626984594599,0.29152419030760474,0.32321311123293545
97563,,1,0.3866602375947702,0.3022691062317097,0.31107065617352
70664,,1,0.38216715939061635,0.29393058183153836,0.3239022587778452
108748,,1,0.36736501208324146,0.3046097232917868,0.3280252646249718
134257,,1,0.37334930275604644,0.30065953446247895,0.3259911627814747
32773,,1,0.37428819468747204,0.3088091371364117,0.3169026681761162
20154,,1,0.3949982666263667,0.28697744603887904,0.31802428733475424
15786,,1,0.37974268648815,0.2978753628243803,0.32238195068746966
172454,,1,0.3690822171289297,0.30723230238992855,0.3236854804811418
133471,,1,0.3746319622105635,0.29959193615808694,0.3257761016313496
110248,,1,0.3849377041605114,0.2775243774948724,0.33753791834461605
30180,,1,0.37348143268179446,0.2908186762915796,0.33569989102662584
46734,,1,0.3748251498784067,0.3039091518073898,0.32126569831420343
97622,,1,0.3718749995746609,0.30761548050970583,0.3205095199156332
27371,1.0,1,0.39055799475155994,0.2925751365361461,0.3168668687122939
105869,,1,0.38630270619849877,0.2898801433278118,0.3238171504736895
168078,,1,0.3674484185479636,0.3088740516527204,0.32367752979931597
137300,,1,0.3938287578763285,0.28378614545638875,0.3223850966672826
145778,,1,0.3842833466148621,0.297488336432091,0.3182283169530469
109653,,1,0.3813382851507863,0.29921769971360757,0.31944401513560605
132021,,1,0.3620832157091107,0.31221953673752834,0.32569724755336094
123165,,1,0.38203347923230285,0.28559935150033366,0.3323671692673634
98194,,1,0.3713003951751038,0.3022326970674003,0.3264669077574958
170578,,1,0.3741376602797303,0.3075891184895998,0.31827322123067003
17047,,1,0.37632360488758854,0.30224690181724945,0.32142949329516196
13177,,1,0.3566293544508829,0.3026700439559858,0.34070060159313137
22913,,1,0.37556877398283617,0.29595521752181897,0.3284760084953448
149656,,1,0.38184007121133345,0.3061642969314451,0.3119956318572215
148906,,1,0.3739719951093758,0.2906595470817433,0.3353684578088809
57332,,1,0.39004739309423775,0.29676106901026417,0.31319153789549803
117949,,1,0.3815604966839205,0.30190144463925067,0.3165380586768288
130723,,1,0.38261516103574283,0.3007788073657846,0.3166060315984725
106230,,1,0.3862110720751388,0.2828073135770063,0.33098161434785495
104911,,1,0.38101544770337303,0.29710906878621124,0.3218754835104157
66449,,1,0.3802469351189321,0.30336314406793835,0.31638992081312944
160238,,1,0.3710765761646858,0.3078654934644112,0.3210579303709029
43391,,1,0.38150937851536787,0.294270411575374,0.3242202099092581
149274,,1,0.37907268500289604,0.29144853120994835,0.32947878378715567
108460,,1,0.40978527711801727,0.2926198707384502,0.29759485214353254
101510,,1,0.3729855187332321,0.2972380459408369,0.329776435325931
12771,,1,0.36126712950379664,0.2970907342771695,0.34164213621903394
158154,,1,0.37205082605585327,0.30497513610115007,0.32297403784299666
46683,,1,0.36076104287289157,0.3158511681813261,0.32338778894578235
29077,,1,0.3605342483150169,0.30331526340646536,0.3361504882785176
148871,,1,0.3549615844394412,0.3033582605546877,0.3416801550058712
100271,,1,0.37998849248907607,0.29751501906350597,0.3224964884474179
62184,,1,0.36887675770469947,0.3017671404268394,0.32935610186846104
32597,,1,0.3562684660268862,0.3085542995899368,0.3351772343831769
132835,,1,0.35992988383376695,0.3052837864135007,0.33478632975273237
97410,,1,0.3685463820432656,0.29710085375120304,0.33435276420553145
145747,,1,0.37512698552451873,0.2889616693698378,0.3359113451056435
153207,,1,0.3845604994959085,0.2771988443215378,0.3382406561825537
66416,,1,0.38291767019648904,0.2948148599375848,0.32226746986592614
105697,,1,0.3747017248237853,0.29771795250101885,0.3275803226751958
166593,,1,0.37441143754535716,0.29066679064731,0.33492177180733285
57456,,3,0.34750344854199156,0.3004790121998922,0.35201753925811613
78114,,1,0.3794595524651511,0.29819197276292386,0.3223484747719249
108679,,1,0.3841408665289694,0.2848668048074948,0.3309923286635357
118407,,1,0.37247934852088466,0.2975377000245629,0.3299829514545525
107388,,1,0.3721892167161972,0.2925302108572992,0.3352805724265035
25557,,1,0.3738826140623073,0.2778190534801661,0.3482983324575267
135103,,1,0.37853680636281384,0.29537691051998216,0.326086283117204
153378,,1,0.37863363943069483,0.299074734897142,0.3222916256721632
96539,,1,0.37060017255747457,0.30061790868836546,0.32878191875416
61081,,1,0.36715366470440747,0.2970195140596618,0.3358268212359306
153567,,1,0.3846975656328234,0.2716563868801558,0.3436460474870207
109219,,1,0.38865048164960037,0.2902104255122215,0.3211390928381784
115196,,1,0.3704709018027417,0.3068032713406607,0.32272582685659756
125514,,1,0.36496775263923825,0.3114356614452729,0.32359658591548884
155420,,1,0.3649162809793765,0.3078459352771125,0.3272377837435111
100696,,1,0.37271712957636,0.3066011446184618,0.3206817258051783
32871,,1,0.37029507780025755,0.3042301903724374,0.32547473182730496
60455,,1,0.3733671982995066,0.2936435042479967,0.33298929745249667
11778,,1,0.37901966821737304,0.2782332057048918,0.3427471260777353
116680,,1,0.382814647695436,0.2866841620860445,0.33050119021851954
105198,,1,0.38486678755671694,0.29463855582493803,0.320494656618345
29984,,1,0.38262679551730433,0.28223141191373724,0.3351417925689584
73766,,1,0.38824619453104164,0.29690383695690603,0.31484996851205244
64849,,1,0.3685541880430539,0.2900507781738497,0.3413950337830964
118363,,1,0.3844247948850872,0.3012284232595509,0.31434678185536186
57308,,1,0.39939109696262515,0.2871979272375348,0.3134109757998401
149226,,1,0.38661009742000335,0.30706095644045595,0.30632894613954065
70350,,1,0.3838559220409154,0.3084407585934236,0.307703319365661
127821,,1,0.3656173394944829,0.30286918857153505,0.331513471933982
99021,,1,0.3846743702135532,0.3069486093742191,0.30837702041222764
4316,,1,0.3728013935905391,0.30168091500910443,0.32551769140035636
45955,,3,0.3362456826510075,0.3098914349738883,0.3538628823751042
64745,,1,0.3727828234425378,0.30608162651696763,0.32113555004049454
113607,,1,0.38555121381512236,0.30693056254708134,0.3075182236377963
87667,,1,0.37258957974865375,0.302014539761877,0.32539588048946927
52484,,1,0.3702952296360567,0.30962657132333793,0.32007819904060536
127227,,1,0.3739547943088886,0.3017655088690359,0.3242796968220755
71475,,1,0.3836155338405581,0.29880454459585215,0.3175799215635897
169190,,1,0.36817139995304266,0.2988926817683535,0.3329359182786037
133969,,1,0.3717745402008183,0.30496970454502037,0.3232557552541614
98746,,1,0.35744170099696626,0.29990271170519217,0.34265558729784157
135906,,1,0.3735099108226743,0.2961149079810026,0.3303751811963232
109242,,1,0.3854901036951804,0.3000051967319481,0.3145046995728715
58063,,1,0.36662460627685317,0.2982745896138614,0.3351008041092855
175347,,1,0.3845004735573982,0.3021374767739563,0.3133620496686455
66482,,1,0.3792160340449257,0.2922309731847008,0.3285529927703735
95033,,1,0.3514753850075344,0.3028875580498847,0.34563705694258096
60430,,1,0.3756323610805959,0.2888812632648654,0.3354863756545386
156674,,1,0.3589796128448232,0.30516160930584896,0.33585877784932777
132050,,1,0.38556953092913343,0.29397953888358996,0.3204509301872768
99420,,1,0.36478063524560705,0.2964212846034173,0.33879808015097557
96009,,1,0.3784446837361956,0.30859411763395733,0.312961198629847
105260,,1,0.3855002337209584,0.29848981836888566,0.3160099479101559
13390,,1,0.38038073163375563,0.29163594992227576,0.3279833184439686
149456,,1,0.36026760749119885,0.3109473320454245,0.3287850604633766
136943,,1,0.3795425797738499,0.2939842090720965,0.32647321115405353
59045,,1,0.3773776742518714,0.29888649834450143,0.32373582740362716
135311,,1,0.3691328421033341,0.3083724215596281,0.3224947363370378
113707,,1,0.3826478484541083,0.301315963927728,0.31603618761816354
70533,,1,0.37121156739553013,0.3069736087901842,0.32181482381428567
111851,,1,0.3860136296019861,0.29833679523524465,0.31564957516276915
59922,,1,0.3479352498967388,0.3206354661113407,0.33142928399192045
172089,,1,0.39317847066421063,0.2903568304042423,0.31646469893154705
108672,,1,0.38185513595871273,0.28747621523814365,0.33066864880314356
100785,,1,0.3703643379417809,0.28582209690016896,0.34381356515805017
104331,,1,0.3601570289462473,0.2994510816643625,0.34039188938939025
75430,,1,0.3766095420738233,0.2945235789471466,0.3288668789790302
48010,,1,0.3715986357672588,0.3028092212561765,0.32559214297656464
67749,,1,0.38468504445613094,0.2917779882098079,0.32353696733406123
106774,,1,0.37674618963102613,0.30120721523414545,0.3220465951348285
59447,,1,0.3802863970162916,0.28169699920993657,0.3380166037737717
153164,,1,0.38836109006563646,0.28465767008958415,0.32698123984477945
117900,,1,0.357303120246812,0.3149174312699865,0.3277794484832015
158921,,1,0.38458561330342284,0.3026703553163254,0.31274403138025175
59118,,1,0.39784867067643065,0.2973256583754215,0.3048256709481479
115960,,1,0.37465768959823303,0.3090626420309513,0.3162796683708157
121378,,1,0.37021317004695553,0.2943363101279085,0.33545051982513596
20033,,1,0.3698608500641143,0.2862937961834236,0.3438453537524621
13344,,1,0.3686340814562042,0.307892868186572,0.32347305035722385
96524,,1,0.3673497802215951,0.3081714430383647,0.3244787767400403
65542,,1,0.3829178927671519,0.2876177461747064,0.32946436105814186
85571,,1,0.37908068762417424,0.28811223177144485,0.332807080604381
45580,,1,0.39214401395883874,0.3043528291516095,0.3035031568895516
66464,,1,0.38058089143705265,0.2953944410106756,0.3240246675522718
84903,,1,0.36933170850372904,0.2973929470987381,0.3332753443975328
140549,,1,0.3844272639646568,0.30130507121440175,0.31426766482094143
112889,,1,0.3750942969439004,0.27360767951216974,0.35129802354392975
47053,,1,0.37122761987257297,0.3074514191497718,0.32132096097765517
118081,,1,0.380386348300406,0.29989795952982096,0.31971569216977297
102327,,1,0.38354938881018125,0.2962507323304743,0.3201998788593445
151522,,1,0.37984532575180047,0.2869860200492898,0.3331686541989097
32679,,3,0.3353401725110317,0.3138230991607799,0.35083672832818846
60856,,1,0.385860382268671,0.3032145795057179,0.31092503822561113
103971,,1,0.3708263269989598,0.2835984123064255,0.34557526069461475
127825,,1,0.4049438613777066,0.28747142970405104,0.30758470891824247
64855,,1,0.36651973439929864,0.2987578250168981,0.33472244058380335
100884,,1,0.3862632253011446,0.2978969128880548,0.31583986181080065
102762,,1,0.38029158055416107,0.278354437118552,0.341353982327287
103458,,1,0.37175867945435964,0.27803226981385226,0.3502090507317881
82968,,1,0.37318889406694805,0.30443403162343374,0.32237707430961826
60032,,1,0.3639764156016486,0.30336365073702093,0.33265993366133045
149960,,1,0.385477952712113,0.29195298003263714,0.3225690672552499
122182,,1,0.3535445948756864,0.31193180501525203,0.3345236001090615
13175,,1,0.36045689218988525,0.3038978280081818,0.335645279801933
97634,,1,0.36750171336503107,0.3050212635775082,0.32747702305746074
24857,,1,0.36503046522265675,0.3009957948736688,0.33397373990367446
158901,,1,0.37154165158316405,0.29491585112014057,0.3335424972966953
106669,,1,0.3873338741628413,0.28948083313881273,0.32318529269834595
71543,,1,0.37604606466260054,0.29880964660133097,0.3251442887360686
69291,,1,0.379613123533474,0.2924302817383901,0.3279565947281358
15872,,1,0.3761642751620855,0.28877996144620194,0.33505576339171256
145787,,1,0.3939661250623771,0.2881972344794465,0.31783664045817633
127042,,1,0.3546434748765131,0.3086355821903873,0.33672094293309973
149288,,1,0.37203382098869137,0.30411462378026466,0.32385155523104403
59983,,1,0.37172394965144606,0.3052730285401039,0.32300302180845003
158146,,1,0.3787578230503656,0.30383657218214377,0.31740560476749063
59839,,1,0.3640439638674275,0.3087764310750836,0.32717960505748894
110548,,1,0.3793637202867548,0.28360453104335226,0.3370317486698929
136287,,1,0.38209703191178984,0.30331682647837727,0.31458614160983306
173517,,1,0.340413067071091,0.3276919436157069,0.3318949893132021
110605,,1,0.3880114631007507,0.27114049863105266,0.34084803826819665
172695,,1,0.37834522096362755,0.3111788863284477,0.3104758927079247
102773,,1,0.36100912725966905,0.3031674429640873,0.33582342977624363
108375,,1,0.37230131103036707,0.2974836774604052,0.33021501150922766
98994,,1,0.3553608978706064,0.3094931222145044,0.33514597991488915
69651,,1,0.38205027087388954,0.29858997682596616,0.31935975230014435
71826,,1,0.38565107009291294,0.2779819991609528,0.3363669307461344
116416,,1,0.36044101953726,0.30100896362577984,0.3385500168369602
70536,,1,0.3706608785168873,0.31346578603477326,0.3158733354483395
46485,,1,0.3764095109766949,0.3054372196947246,0.31815326932858046
30221,,1,0.3741506226565593,0.29134106531886506,0.3345083120245756
130268,,1,0.3801175508556462,0.29978777698692605,0.3200946721574279
108559,,1,0.38596794141972485,0.2881988981831383,0.3258331603971367
19472,,1,0.37906375368104267,0.2977809026628587,0.32315534365609855
99740,,1,0.3673718789054804,0.30399100565960163,0.32863711543491797
106441,,1,0.3673701942700616,0.28759153474105015,0.3450382709888881
72691,,1,0.3664820258929436,0.3043581466350678,0.3291598274719886
97273,,1,0.3578008227716336,0.3194549756743617,0.3227442015540047
46802,,1,0.3573853140777398,0.3169345157108655,0.32568017021139467
132055,,1,0.3856363142618434,0.3067078946879979,0.3076557910501587
98096,,1,0.3671902392682612,0.309965660638702,0.3228441000930367
70825,,1,0.3538569025958291,0.3036995705529269,0.342443526851244
123269,,1,0.3603272822047987,0.29355768536704235,0.3461150324281589
171480,,1,0.37495212594011323,0.3017202961198622,0.32332757794002465
92197,,1,0.3889534335971139,0.29032588017142397,0.32072068623146205
143412,,1,0.3561233334736635,0.3038777585929271,0.3399989079334094
52448,,1,0.3599977803718219,0.30978896363612257,0.3302132559920556
59417,,1,0.3759757348468801,0.29523428935798396,0.32878997579513586
15941,,1,0.3726173653036567,0.29188448955697105,0.3354981451393722
24481,,1,0.3610161432503984,0.29932294437090734,0.3396609123786944
13279,,1,0.36799627318958195,0.3035950664376614,0.32840866037275673
104873,,1,0.3759166801610314,0.29816493154961093,0.3259183882893577
56713,,1,0.3872461985859807,0.29398734562049333,0.31876645579352597
69678,,1,0.37877951568281376,0.29419694049950845,0.32702354381767773
19432,,1,0.3768250902503516,0.2946124559443569,0.3285624538052914
137967,,1,0.37698537699149975,0.2975888501667346,0.32542577284176577
155906,,1,0.3609192502877818,0.31138444978438923,0.327696299927829
106771,,1,0.3734797225208501,0.3084722903590115,0.3180479871201384
66749,,1,0.3586583126914515,0.30203969050782437,0.33930199680072404
168048,,1,0.37824560613592995,0.3088899475035079,0.3128644463605622
20503,,1,0.3882182987386699,0.27198687316777687,0.33979482809355316
101457,,1,0.36797884155374816,0.3068585870117589,0.325162571434493
106821,,1,0.37664252960029254,0.30363995709672664,0.31971751330298087
107911,,1,0.39108164996923545,0.29213064329917415,0.3167877067315903
147809,,1,0.36873193533021265,0.2983456610173189,0.33292240365246856
133615,,1,0.37831757861346776,0.30587569200623765,0.3158067293802946
57530,,1,0.38199278706654155,0.293068225291965,0.3249389876414935
17140,,1,0.376669443515734,0.30369351141864437,0.3196370450656216
100102,,1,0.361074346048175,0.30895050386608314,0.32997515008574185
46623,,1,0.36746046642973085,0.30235814373024816,0.33018138984002093
150655,,1,0.36611346987433263,0.2719119958063137,0.3619745343193536
134533,,1,0.3841123926941831,0.2953772385317334,0.32051036877408345
131461,,1,0.3664609438905707,0.3036364025156209,0.3299026535938083
59027,,1,0.3893667989043197,0.3039315159883434,0.306701685107337
66680,,1,0.37364161357116554,0.29808544106819945,0.328272945360635
120639,,1,0.3719232114548198,0.2997570058478899,0.32831978269729023
127112,,1,0.3608497228413223,0.30698267819367697,0.3321675989650007
135169,,1,0.37915425798746843,0.2919865692365054,0.3288591727760261
138396,,1,0.37658155470396654,0.2961359004612075,0.327282544834826
90743,,1,0.36758272249994756,0.3092392759051591,0.3231780015948933
27833,,1,0.3728330147875685,0.2966030955067354,0.33056388970569617
98184,,1,0.3546248364821499,0.31461214949816474,0.33076301401968544
151379,,1,0.3834157012431089,0.2940173270097143,0.32256697174717686
48530,,1,0.37493626981053757,0.3084979902441869,0.3165657399452754
126236,,1,0.36015835372169364,0.30148806562731445,0.33835358065099197
12769,,1,0.39558041669700134,0.28886343074132426,0.31555615256167446
101359,,1,0.35950422284072847,0.3084907926583591,0.3320049845009125
13221,3.0,1,0.3730344924292865,0.2915493574561823,0.33541615011453113
99998,,1,0.35508957935468904,0.30015341555058966,0.34475700509472124
101681,,1,0.37900553099323087,0.2973706491903259,0.3236238198164433
35183,,1,0.3736027634511371,0.2988354985827561,0.3275617379661069
74956,,1,0.3410967702180389,0.3200650472879211,0.33883818249403996
24045,,1,0.3831529383387693,0.303227291780022,0.31361976988120854
120789,,1,0.3730037136351657,0.29383672854161347,0.3331595578232209
136288,,1,0.38100643445408533,0.2994558493556276,0.3195377161902872
35463,,1,0.3628409125891071,0.29478668802715446,0.3423723993837384
115964,,1,0.3638248017033065,0.3041265535731889,0.3320486447235046
85390,,1,0.3606091161148258,0.30169003399948974,0.33770084988568444
142009,,1,0.35686342702324547,0.30427851040495363,0.3388580625718009
71733,,1,0.38267651713564643,0.28378952221508175,0.3335339606492718
126749,,1,0.3603811493951725,0.3017472212263482,0.33787162937847925
63950,,1,0.3942562569701118,0.3032794227987101,0.30246432023117814
15781,,1,0.3841397356054754,0.28617153127532446,0.32968873311920005
25628,,1,0.3833084942458324,0.30477491676733104,0.31191658898683655
29787,,1,0.36814837013205937,0.300830930048087,0.33102069981985377
11747,,1,0.37815383225667976,0.30249525456835824,0.31935091317496195
149754,,1,0.37384602284303436,0.3038358434940073,0.32231813366295836
111741,,1,0.3785199017712229,0.2989414477850093,0.3225386504437678
91214,,1,0.3722838279517302,0.30631772371845534,0.32139844832981446
101097,,1,0.37992682211211704,0.29619251017537623,0.3238806677125068
46790,,1,0.3518508255539771,0.3164302167092646,0.33171895773675825
121044,,1,0.3595651422134898,0.3079732647478826,0.33246159303862755
47867,,1,0.38733427581774454,0.3006843071020936,0.3119814170801619
65048,,1,0.3878722959072453,0.29500432889604544,0.31712337519670925
73992,,1,0.3867006781796606,0.30793206283916774,0.3053672589811716
149646,,1,0.3835575078278302,0.3064444481386685,0.3099980440335012
47410,,1,0.3697984547241965,0.3045467034953418,0.3256548417804617
99997,,1,0.3764577158398989,0.2938132841223277,0.32972900003777345
127369,,1,0.3951298486893049,0.2927211636808404,0.3121489876298548
118294,,1,0.36185773039141333,0.3082834508618499,0.3298588187467368
169473,,1,0.3676027897659527,0.3082055955057982,0.3241916147282491
47943,,1,0.3588872746060452,0.31003087703515064,0.3310818483588042
29830,,1,0.3788045510897943,0.2924175205141609,0.3287779283960448
159896,,1,0.37121822226757417,0.2801945360041945,0.3485872417282314
43392,,1,0.37013274463327744,0.29106807217721403,0.33879918318950847
101502,,1,0.39330346064344246,0.29439544233228093,0.3123010970242766
158191,,1,0.3739558963616979,0.30195712563730764,0.32408697800099445
168957,,1,0.3883260317452146,0.29346803288685397,0.31820593536793146
117385,,1,0.36316786804820844,0.30949594271308184,0.3273361892387097
35968,,1,0.3836918579937126,0.2927281320941193,0.32358000991216807
123253,,1,0.39440800901698314,0.291215869099483,0.314376121883534
155198,,1,0.37973721566870566,0.3066324626431429,0.31363032168815147
98105,,1,0.36038132069704215,0.3035024098998706,0.33611626940308725
108622,,1,0.37282519698676203,0.2932710423995201,0.33390376061371785
150329,,1,0.3852586755535286,0.28960943337905803,0.32513189106741325
118331,,1,0.3687780458381216,0.30183118555337385,0.3293907686085045
112933,,1,0.38097322456752536,0.29831010215823206,0.32071667327424275
74000,,1,0.3669734810334829,0.30345351701981493,0.32957300194670214
107526,,1,0.3722367904928767,0.2933899781162397,0.33437323139088365
104596,,1,0.3960150934751234,0.28105881317048925,0.3229260933543874
29263,,1,0.37287217832062847,0.298550649761992,0.32857717191737945
65177,,1,0.349104945531976,0.32526824694843054,0.3256268075195935
55235,,1,0.3631375858541338,0.2908503754454916,0.34601203870037456
4531,,1,0.37031627165896175,0.2987348541483646,0.33094887419267366
109837,,1,0.3825546340083717,0.2936987096191624,0.3237466563724658
92566,,1,0.3738232194184601,0.2945419299115011,0.3316348506700388
60202,,1,0.37559808563524,0.29615683059897263,0.32824508376578737
171096,,1,0.3831525217351449,0.2904715672855228,0.3263759109793323
20176,,1,0.37207982871763295,0.2967541007016226,0.3311660705807444
145623,,1,0.38086960547168086,0.28346984744674997,0.33566054708156906
21236,,1,0.354033424172695,0.3059549540608898,0.3400116217664152
32948,,1,0.37552156098121753,0.3024286237904979,0.3220498152282845
106119,,1,0.3883650578080152,0.2749377920763491,0.3366971501156355
111404,,1,0.38341660531837557,0.30127495332783094,0.3153084413537934
105247,,1,0.3983722361600352,0.2864883074797265,0.3151394563602385
32861,,1,0.3776930466620174,0.29926209281207794,0.3230448605259046
140122,,1,0.38105612620040324,0.28781274657254774,0.33113112722704907
110767,,1,0.3776899552951529,0.2969158449048455,0.3253941998000016
133061,,1,0.39610768436067467,0.28727806799116684,0.31661424764815854
45608,,1,0.369570587892708,0.30531671094874074,0.3251127011585512
96021,,1,0.3832748923865507,0.3059172049332351,0.31080790268021413
50327,,1,0.38162544355888306,0.29590160326259607,0.32247295317852087
24035,,1,0.36252989040641115,0.29608060377713696,0.34138950581645183
131225,,1,0.38783527332289536,0.2977091999033626,0.3144555267737421
55538,,1,0.36706843645027964,0.28969736167489213,0.3432342018748283
129119,,1,0.39950100387778376,0.2899581819428497,0.31054081417936635
64806,,1,0.3734332761561594,0.29933806823458414,0.3272286556092564
111422,,1,0.365375556420146,0.3039297232437087,0.33069472033614544
97998,,1,0.38073369947382363,0.29742035714567844,0.32184594338049793
23521,,1,0.3818313082716895,0.3017292208823151,0.3164394708459954
91993,,1,0.3620386700552498,0.29482885063027353,0.34313247931447666
176552,,1,0.3823959557987308,0.304290343045595,0.31331370115567414
102641,,1,0.35886014727171267,0.30880241385800494,0.3323374388702824
45731,,1,0.3767840871535486,0.2894863644194174,0.333729548427034
127054,,1,0.37062952345727185,0.3077050415897924,0.32166543495293576
20394,,1,0.3678575206317888,0.29699701637626646,0.3351454629919447
46709,,1,0.3871432049498154,0.3031421908617118,0.30971460418847274
151385,,1,0.3905087021993257,0.30159613521187423,0.3078951625888
21899,,1,0.36554438491112895,0.30600540823013594,0.3284502068587352
99768,,1,0.37818087863181965,0.28597215291753814,0.33584696845064216
61523,,1,0.369563420977614,0.30037895286523714,0.33005762615714884
158056,,1,0.35222806367511444,0.31997912094827324,0.3277928153766123
120714,,1,0.3849739498398321,0.298841659001858,0.31618439115831
59198,,1,0.3542921960979094,0.2952210509439843,0.35048675295810644
104087,,1,0.3754121720286661,0.29157842475744783,0.333009403213886
93872,,1,0.37823491505906415,0.28130623856796033,0.3404588463729755
172447,,1,0.38167795311187575,0.30232607516522775,0.3159959717228965
102237,,1,0.3866380772744214,0.29356503527559885,0.31979688744997986
98261,,1,0.37908158933701286,0.2991018959212207,0.3218165147417665
19955,,1,0.36779267539899224,0.2869901876603489,0.34521713694065886
126155,,1,0.377020779230229,0.2986966534669687,0.32428256730280225
123626,,1,0.3734864973072679,0.3034553013571358,0.3230582013355964
72697,,1,0.36606940903096424,0.29821567328309,0.33571491768594575
27331,,1,0.39297816236019717,0.29951800062905815,0.30750383701074463
82010,,1,0.3667044383202851,0.2980807228660712,0.33521483881364367
27221,,1,0.3619374613607641,0.2953071139450312,0.3427554246942048
138008,,1,0.3899985660411697,0.2993714567793752,0.3106299771794552
100819,,1,0.37361443773577263,0.2954909319209005,0.330894630343327
69355,,1,0.34815638923614006,0.3053714103136715,0.34647220045018834
175029,,1,0.3649778977406382,0.2911395762202241,0.34388252603913755
66233,,1,0.37579330109057657,0.2834582626041645,0.34074843630525886
149235,,1,0.369902752077416,0.2995663543017455,0.3305308936208385
145742,,1,0.3805063006561223,0.3014622149716449,0.3180314843722328
48062,,1,0.3484050441551258,0.3134769835513572,0.338117972293517
48624,,1,0.3661567587295578,0.3005499309781899,0.3332933102922523
109192,,1,0.37868985951595396,0.2899630722567245,0.3313470682273215
58100,,1,0.3835284058949229,0.2850407197205061,0.331430874384571
149845,,1,0.3699842811226121,0.29765169180262535,0.33236402707476254
132890,,1,0.36617343359132576,0.29956443769472624,0.334262128713948
161086,,1,0.3793652561888143,0.29401816580637957,0.32661657800480615
154168,,1,0.3747835274615054,0.2980459344439776,0.32717053809451707
102530,,1,0.3743388940266455,0.2943467026552716,0.33131440331808293
123763,,1,0.36128718726319325,0.2925633829088774,0.3461494298279293
4385,,1,0.380175681934753,0.2971991718653038,0.32262514619994315
67096,,1,0.3817844829372225,0.30119262589027584,0.3170228911725016
173761,,1,0.3674488438392387,0.2989427887258915,0.3336083674348698
66772,,1,0.35590127582484976,0.30767099617349697,0.33642772800165316
66768,,1,0.38836799208242695,0.3079039780676798,0.3037280298498933
73827,,1,0.3750654909913021,0.30724309811114897,0.3176914108975488
33053,,1,0.37586079293081315,0.30744696424118795,0.3166922428279989
46373,,1,0.37980573312655125,0.30521252066911875,0.31498174620433006
119950,,1,0.38440886522526313,0.29710441498013507,0.3184867197946017
134571,,1,0.37061693198269446,0.29691463832116255,0.332468429696143
106886,,1,0.38099558100525033,0.28346325540118134,0.33554116359356834
180148,,3,0.350374871838134,0.2988749433080734,0.35075018485379256
111116,,1,0.3760355685988428,0.2910140332740588,0.3329503981270984
49590,,1,0.3728068046938028,0.28918071081063457,0.3380124844955626
127295,,1,0.3769690008699695,0.29169509673133776,0.3313359023986927
55849,,1,0.3778721955699713,0.2960723112458138,0.32605549318421484
145912,,1,0.3814783013354804,0.2671323704909554,0.3513893281735643
124632,,1,0.38432647248528545,0.30309120200965717,0.3125823255050573
172839,,1,0.3854987362014816,0.3000192172724382,0.31448204652608014
35947,,1,0.3638077956048191,0.30145781286374757,0.3347343915314334
95087,,1,0.37588547146906887,0.3024100884752593,0.32170444005567184
167286,,1,0.38178024708401403,0.29180610920625766,0.32641364370972825
62159,,1,0.38812765805491917,0.2975119042161599,0.3143604377289208
39486,,1,0.37789158253442134,0.29492943426560997,0.3271789831999687
138296,,1,0.3897461464119458,0.2802258424022048,0.33002801118584935
107572,,1,0.3602872822744217,0.2993020526901319,0.3404106650354463
3008,,1,0.3702878298358765,0.2946008349575932,0.3351113352065304
112722,,1,0.3747385226910915,0.29227916910467244,0.3329823082042361
39365,,1,0.3461313182588333,0.32104347257045474,0.332825209170712
105171,,1,0.38076253216367706,0.29902101599142594,0.32021645184489694
133433,,1,0.35492164939223625,0.29635758821015273,0.348720762397611
149213,,1,0.3718969018030758,0.3023794839061569,0.3257236142907673
59841,,1,0.3481454789490641,0.3124751721218233,0.33937934892911265
13214,,1,0.3739914821307286,0.295365522116646,0.33064299575262546
94747,,1,0.37679861635057654,0.30145086644894925,0.3217505172004742
106197,,1,0.38278472681705183,0.28655752572735727,0.3306577474555909
46718,,1,0.36422904978441567,0.31677693877589486,0.3189940114396894
86139,,1,0.3653477784472565,0.2981017315422872,0.3365504900104562
133182,,1,0.3743404864855055,0.2869326259359445,0.3387268875785501
101514,,1,0.3630540054949458,0.2910269439481296,0.3459190505569247
80657,,1,0.3776249156758305,0.30969431291752747,0.312680771406642
85364,,1,0.3527813348060889,0.295981806215675,0.3512368589782361
19523,,1,0.3772660137932427,0.28833792111501166,0.33439606509174563
71692,,1,0.36088676983912144,0.2874876814798473,0.3516255486810312
4267,,1,0.389883244256524,0.2951238027349055,0.3149929530085703
103685,,1,0.36209269714148135,0.3020519999571035,0.3358553029014152
2605,,1,0.37802343036890557,0.2993714536466861,0.3226051159844083
153034,,1,0.3798046749879116,0.2815377106041596,0.3386576144079288
149833,,1,0.39287837548056126,0.30535606002488375,0.301765564494555
149045,,1,0.3713705263617167,0.29702992676045264,0.3315995468778306
107353,,1,0.36839649785853723,0.2936913392831905,0.33791216285827225
58372,,1,0.3754112099230461,0.29344362707473043,0.3311451630022234
32702,,1,0.35493133011483186,0.31648375771001797,0.3285849121751502
171244,,1,0.35872555568990044,0.32273512752068306,0.3185393167894165
107523,,1,0.38065341921287416,0.28501906265716254,0.33432751812996336
133658,,1,0.3855427498956902,0.28789228775320536,0.3265649623511045
11695,,1,0.3625241891843779,0.308653420181908,0.3288223906337141
111120,,1,0.3698208315315783,0.29472333339485435,0.33545583507356735
120929,,1,0.37342975043778437,0.28856251777708114,0.3380077317851345
29620,,1,0.3852601042439328,0.28584606917695704,0.32889382657911015
116033,,1,0.37115143288302155,0.30049261100814945,0.328355956108829
48563,,1,0.37985524726888387,0.29424956161939225,0.32589519111172394
102642,,1,0.35834447600413055,0.3066409956566503,0.33501452833921913
155353,,1,0.3870695329166337,0.2877674820969135,0.32516298498645285
135802,,1,0.37804344997949607,0.30738280305686283,0.31457374696364104
175272,,1,0.3925897383340278,0.285310251493044,0.32210001017292816
59495,,1,0.38107553583488024,0.292513674253014,0.3264107899121057
143570,,1,0.35813827231623596,0.3101821315913669,0.33167959609239706
151016,,1,0.3665525964667794,0.2921721078726302,0.3412752956605904
98833,,1,0.3979458218201589,0.3016088128751998,0.30044536530464133
