idmatch,result_finish_match,result_finish_match_prediction,proba_win_1,proba_draw,proba_win_2
41395,,1,0.3523035230352303,0.34146341463414637,0.3062330623306233
32815,,1,0.35476956055734193,0.2979635584137192,0.34726688102893893
101342,,1,0.35476956055734193,0.2979635584137192,0.34726688102893893
56252,,3,0.28652886671418387,0.32216678545972915,0.391304347826087
98909,,1,0.3695496783416726,0.2628067667381463,0.3676435549201811
55403,,1,0.35476956055734193,0.2979635584137192,0.34726688102893893
103007,,1,0.3695496783416726,0.2628067667381463,0.3676435549201811
57822,,1,0.3695496783416726,0.2628067667381463,0.3676435549201811
20310,,1,0.4484636328276935,0.27148969272656553,0.28004667444574094
159531,,1,0.35476956055734193,0.2979635584137192,0.34726688102893893
85985,,1,0.35476956055734193,0.2979635584137192,0.34726688102893893
144357,,1,0.3695496783416726,0.2628067667381463,0.3676435549201811
58366,,1,0.3695496783416726,0.2628067667381463,0.3676435549201811
150278,,1,0.3695496783416726,0.2628067667381463,0.3676435549201811
95042,,1,0.40431596091205213,0.3131107491856677,0.28257328990228014
142182,,1,0.35476956055734193,0.2979635584137192,0.34726688102893893
47224,,1,0.35476956055734193,0.2979635584137192,0.34726688102893893
99765,,1,0.35476956055734193,0.2979635584137192,0.34726688102893893
122190,,1,0.35476956055734193,0.2979635584137192,0.34726688102893893
19982,,1,0.35476956055734193,0.2979635584137192,0.34726688102893893
172868,,1,0.35476956055734193,0.2979635584137192,0.34726688102893893
41982,,1,0.40253164556962023,0.3139240506329114,0.28354430379746837
99478,,1,0.4484636328276935,0.27148969272656553,0.28004667444574094
117053,,1,0.4456899884035562,0.2740626207962891,0.2802473908001546
152834,,1,0.3501208702659146,0.34891216760676874,0.30096696212731666
103560,,1,0.40431596091205213,0.3131107491856677,0.28257328990228014
86325,,1,0.35476956055734193,0.2979635584137192,0.34726688102893893
60227,,1,0.40431596091205213,0.3131107491856677,0.28257328990228014
145652,,1,0.38565629228687415,0.2821380243572395,0.33220568335588635
34737,,2,0.3473684210526316,0.4046783625730994,0.247953216374269
100839,,1,0.3695496783416726,0.2628067667381463,0.3676435549201811
5849,,1,0.3695496783416726,0.2628067667381463,0.3676435549201811
173289,,1,0.35476956055734193,0.2979635584137192,0.34726688102893893
15965,1.0,1,0.4456899884035562,0.2740626207962891,0.2802473908001546
61225,,1,0.35476956055734193,0.2979635584137192,0.34726688102893893
97930,,1,0.3695496783416726,0.2628067667381463,0.3676435549201811
174789,,1,0.3695496783416726,0.2628067667381463,0.3676435549201811
110009,,1,0.35476956055734193,0.2979635584137192,0.34726688102893893
13899,,1,0.4456899884035562,0.2740626207962891,0.2802473908001546
142552,,1,0.3695496783416726,0.2628067667381463,0.3676435549201811
75066,,1,0.40431596091205213,0.3131107491856677,0.28257328990228014
134057,,1,0.35476956055734193,0.2979635584137192,0.34726688102893893
132888,,1,0.40431596091205213,0.3131107491856677,0.28257328990228014
124075,,1,0.35476956055734193,0.2979635584137192,0.34726688102893893
149700,,1,0.3501208702659146,0.34891216760676874,0.30096696212731666
117359,,3,0.23908918406072105,0.3092979127134725,0.45161290322580644
106161,,1,0.38565629228687415,0.2821380243572395,0.33220568335588635
108127,,1,0.35476956055734193,0.2979635584137192,0.34726688102893893
43419,,1,0.35476956055734193,0.2979635584137192,0.34726688102893893
69423,,1,0.40431596091205213,0.3131107491856677,0.28257328990228014
134230,,1,0.38565629228687415,0.2821380243572395,0.33220568335588635
104364,,1,0.40431596091205213,0.3131107491856677,0.28257328990228014
138727,,3,0.3305439330543933,0.23430962343096234,0.4351464435146444
105483,,1,0.3695496783416726,0.2628067667381463,0.3676435549201811
35974,,1,0.40431596091205213,0.3131107491856677,0.28257328990228014
100802,,3,0.36065573770491804,0.2167577413479053,0.4225865209471767
37914,,1,0.3612197028928851,0.29163408913213446,0.34714620797498047
66209,,1,0.38565629228687415,0.2821380243572395,0.33220568335588635
130699,,1,0.35476956055734193,0.2979635584137192,0.34726688102893893
4520,,1,0.38565629228687415,0.2821380243572395,0.33220568335588635
103387,,1,0.4456899884035562,0.2740626207962891,0.2802473908001546
138595,,1,0.3695496783416726,0.2628067667381463,0.3676435549201811
136344,,1,0.35476956055734193,0.2979635584137192,0.34726688102893893
172620,,1,0.40431596091205213,0.3131107491856677,0.28257328990228014
130178,,1,0.38283208020050125,0.3208020050125313,0.29636591478696744
117900,,1,0.40431596091205213,0.3131107491856677,0.28257328990228014
125291,,1,0.40431596091205213,0.3131107491856677,0.28257328990228014
38324,,1,0.35476956055734193,0.2979635584137192,0.34726688102893893
102762,,1,0.35476956055734193,0.2979635584137192,0.34726688102893893
98861,,3,0.28652886671418387,0.32216678545972915,0.391304347826087
4792,,1,0.3695496783416726,0.2628067667381463,0.3676435549201811
129324,,1,0.35476956055734193,0.2979635584137192,0.34726688102893893
28690,,1,0.38565629228687415,0.2821380243572395,0.33220568335588635
171244,,1,0.3501208702659146,0.34891216760676874,0.30096696212731666
52252,,1,0.3501208702659146,0.34891216760676874,0.30096696212731666
91078,,3,0.28652886671418387,0.32216678545972915,0.391304347826087
53709,,1,0.3695496783416726,0.2628067667381463,0.3676435549201811
120406,,1,0.3695496783416726,0.2628067667381463,0.3676435549201811
58858,,1,0.3695496783416726,0.2628067667381463,0.3676435549201811
98288,,1,0.35476956055734193,0.2979635584137192,0.34726688102893893
150036,,1,0.38565629228687415,0.2821380243572395,0.33220568335588635
145863,,1,0.3612197028928851,0.29163408913213446,0.34714620797498047
20378,3.0,1,0.35476956055734193,0.2979635584137192,0.34726688102893893
104110,,1,0.40431596091205213,0.3131107491856677,0.28257328990228014
111223,,1,0.40431596091205213,0.3131107491856677,0.28257328990228014
134676,,1,0.3612197028928851,0.29163408913213446,0.34714620797498047
28062,,1,0.35476956055734193,0.2979635584137192,0.34726688102893893
150476,,1,0.546875,0.1171875,0.3359375
65103,,1,0.4456899884035562,0.2740626207962891,0.2802473908001546
23729,,1,0.35476956055734193,0.2979635584137192,0.34726688102893893
46778,,3,0.28652886671418387,0.32216678545972915,0.391304347826087
56668,,1,0.3695496783416726,0.2628067667381463,0.3676435549201811
110858,,3,0.22746781115879827,0.296137339055794,0.47639484978540775
116107,,1,0.38283208020050125,0.3208020050125313,0.29636591478696744
29942,,1,0.35476956055734193,0.2979635584137192,0.34726688102893893
111257,,1,0.3695496783416726,0.2628067667381463,0.3676435549201811
126831,,1,0.40431596091205213,0.3131107491856677,0.28257328990228014
59548,,1,0.40431596091205213,0.3131107491856677,0.28257328990228014
107945,,1,0.3695496783416726,0.2628067667381463,0.3676435549201811
97395,,1,0.40431596091205213,0.3131107491856677,0.28257328990228014
23061,,1,0.35476956055734193,0.2979635584137192,0.34726688102893893
126920,,3,0.28652886671418387,0.32216678545972915,0.391304347826087
48271,,1,0.35476956055734193,0.2979635584137192,0.34726688102893893
13308,,1,0.38283208020050125,0.3208020050125313,0.29636591478696744
116869,,3,0.23908918406072105,0.3092979127134725,0.45161290322580644
95365,,1,0.4456899884035562,0.2740626207962891,0.2802473908001546
93748,,1,0.3695496783416726,0.2628067667381463,0.3676435549201811
131097,,1,0.40431596091205213,0.3131107491856677,0.28257328990228014
51365,,1,0.3695496783416726,0.2628067667381463,0.3676435549201811
4747,1.0,1,0.4456899884035562,0.2740626207962891,0.2802473908001546
130561,,1,0.35476956055734193,0.2979635584137192,0.34726688102893893
166741,,3,0.28652886671418387,0.32216678545972915,0.391304347826087
101359,,1,0.40253164556962023,0.3139240506329114,0.28354430379746837
118303,,1,0.35476956055734193,0.2979635584137192,0.34726688102893893
111092,,1,0.40431596091205213,0.3131107491856677,0.28257328990228014
147829,,1,0.40431596091205213,0.3131107491856677,0.28257328990228014
41582,,1,0.35476956055734193,0.2979635584137192,0.34726688102893893
59552,,1,0.3612197028928851,0.29163408913213446,0.34714620797498047
105069,,1,0.35476956055734193,0.2979635584137192,0.34726688102893893
150373,,1,0.3612197028928851,0.29163408913213446,0.34714620797498047
45161,,3,0.28652886671418387,0.32216678545972915,0.391304347826087
2587,,1,0.35476956055734193,0.2979635584137192,0.34726688102893893
56341,,1,0.3695496783416726,0.2628067667381463,0.3676435549201811
149730,,1,0.35476956055734193,0.2979635584137192,0.34726688102893893
27221,,1,0.35476956055734193,0.2979635584137192,0.34726688102893893
20418,,1,0.35476956055734193,0.2979635584137192,0.34726688102893893
37738,,1,0.35476956055734193,0.2979635584137192,0.34726688102893893
19543,,1,0.35476956055734193,0.2979635584137192,0.34726688102893893
162696,,1,0.40431596091205213,0.3131107491856677,0.28257328990228014
104334,,1,0.35476956055734193,0.2979635584137192,0.34726688102893893
58043,,1,0.4456899884035562,0.2740626207962891,0.2802473908001546
113302,,1,0.3695496783416726,0.2628067667381463,0.3676435549201811
145767,,1,0.38565629228687415,0.2821380243572395,0.33220568335588635
99014,,1,0.38565629228687415,0.2821380243572395,0.33220568335588635
148517,,1,0.40431596091205213,0.3131107491856677,0.28257328990228014
135945,,3,0.36065573770491804,0.2167577413479053,0.4225865209471767
4736,3.0,1,0.3695496783416726,0.2628067667381463,0.3676435549201811
107410,,1,0.4456899884035562,0.2740626207962891,0.2802473908001546
142148,,1,0.3523035230352303,0.34146341463414637,0.3062330623306233
137324,,1,0.3695496783416726,0.2628067667381463,0.3676435549201811
107834,,1,0.3612197028928851,0.29163408913213446,0.34714620797498047
153973,,1,0.38283208020050125,0.3208020050125313,0.29636591478696744
58697,,1,0.35476956055734193,0.2979635584137192,0.34726688102893893
29812,,1,0.4456899884035562,0.2740626207962891,0.2802473908001546
88955,,1,0.35476956055734193,0.2979635584137192,0.34726688102893893
112709,,1,0.38565629228687415,0.2821380243572395,0.33220568335588635
103853,,1,0.38565629228687415,0.2821380243572395,0.33220568335588635
169736,,3,0.28652886671418387,0.32216678545972915,0.391304347826087
129436,,1,0.38283208020050125,0.3208020050125313,0.29636591478696744
117967,,3,0.36065573770491804,0.2167577413479053,0.4225865209471767
150761,,3,0.325,0.2125,0.4625
173170,,1,0.3695496783416726,0.2628067667381463,0.3676435549201811
173659,,1,0.35476956055734193,0.2979635584137192,0.34726688102893893
127300,,1,0.35476956055734193,0.2979635584137192,0.34726688102893893
99863,,1,0.3695496783416726,0.2628067667381463,0.3676435549201811
61576,,1,0.40431596091205213,0.3131107491856677,0.28257328990228014
24642,,1,0.35476956055734193,0.2979635584137192,0.34726688102893893
124146,,1,0.3695496783416726,0.2628067667381463,0.3676435549201811
126929,,1,0.40431596091205213,0.3131107491856677,0.28257328990228014
120585,,1,0.35476956055734193,0.2979635584137192,0.34726688102893893
4706,,1,0.3612197028928851,0.29163408913213446,0.34714620797498047
155580,,1,0.3695496783416726,0.2628067667381463,0.3676435549201811
92669,,1,0.35476956055734193,0.2979635584137192,0.34726688102893893
4482,1.0,1,0.35476956055734193,0.2979635584137192,0.34726688102893893
151522,,1,0.35476956055734193,0.2979635584137192,0.34726688102893893
2608,,3,0.36065573770491804,0.2167577413479053,0.4225865209471767
59850,,1,0.3523035230352303,0.34146341463414637,0.3062330623306233
58044,,1,0.3695496783416726,0.2628067667381463,0.3676435549201811
58868,,1,0.4456899884035562,0.2740626207962891,0.2802473908001546
102110,,1,0.3695496783416726,0.2628067667381463,0.3676435549201811
118369,,3,0.325,0.2125,0.4625
88773,,1,0.4484636328276935,0.27148969272656553,0.28004667444574094
152230,,1,0.3695496783416726,0.2628067667381463,0.3676435549201811
122769,,1,0.3695496783416726,0.2628067667381463,0.3676435549201811
85653,,1,0.35476956055734193,0.2979635584137192,0.34726688102893893
15286,,1,0.40431596091205213,0.3131107491856677,0.28257328990228014
129280,,1,0.40431596091205213,0.3131107491856677,0.28257328990228014
123512,,1,0.3695496783416726,0.2628067667381463,0.3676435549201811
132289,,1,0.35476956055734193,0.2979635584137192,0.34726688102893893
65219,,1,0.40431596091205213,0.3131107491856677,0.28257328990228014
158944,,1,0.3501208702659146,0.34891216760676874,0.30096696212731666
52297,,1,0.40431596091205213,0.3131107491856677,0.28257328990228014
39423,,1,0.40431596091205213,0.3131107491856677,0.28257328990228014
29830,,2,0.3473684210526316,0.4046783625730994,0.247953216374269
88153,,1,0.3695496783416726,0.2628067667381463,0.3676435549201811
64731,,2,0.3473684210526316,0.4046783625730994,0.247953216374269
57590,,1,0.35476956055734193,0.2979635584137192,0.34726688102893893
46749,,1,0.40253164556962023,0.3139240506329114,0.28354430379746837
174589,,1,0.40431596091205213,0.3131107491856677,0.28257328990228014
75965,,1,0.40431596091205213,0.3131107491856677,0.28257328990228014
58384,,1,0.40431596091205213,0.3131107491856677,0.28257328990228014
35911,,1,0.35476956055734193,0.2979635584137192,0.34726688102893893
99486,,1,0.40431596091205213,0.3131107491856677,0.28257328990228014
15223,,3,0.325,0.2125,0.4625
115834,,3,0.36065573770491804,0.2167577413479053,0.4225865209471767
177145,,1,0.40431596091205213,0.3131107491856677,0.28257328990228014
107438,,1,0.35476956055734193,0.2979635584137192,0.34726688102893893
108287,,1,0.35476956055734193,0.2979635584137192,0.34726688102893893
23332,,1,0.40431596091205213,0.3131107491856677,0.28257328990228014
1596,,1,0.3695496783416726,0.2628067667381463,0.3676435549201811
169782,,1,0.4456899884035562,0.2740626207962891,0.2802473908001546
19474,2.0,1,0.4456899884035562,0.2740626207962891,0.2802473908001546
47376,,1,0.38283208020050125,0.3208020050125313,0.29636591478696744
102185,,1,0.3695496783416726,0.2628067667381463,0.3676435549201811
91839,,1,0.35476956055734193,0.2979635584137192,0.34726688102893893
151146,,1,0.3612197028928851,0.29163408913213446,0.34714620797498047
149693,,1,0.3501208702659146,0.34891216760676874,0.30096696212731666
129432,,1,0.35476956055734193,0.2979635584137192,0.34726688102893893
110322,,2,0.2490842490842491,0.4249084249084249,0.326007326007326
125697,,1,0.3612197028928851,0.29163408913213446,0.34714620797498047
171468,,1,0.40431596091205213,0.3131107491856677,0.28257328990228014
122558,,1,0.35476956055734193,0.2979635584137192,0.34726688102893893
125829,,1,0.35476956055734193,0.2979635584137192,0.34726688102893893
25936,,1,0.35476956055734193,0.2979635584137192,0.34726688102893893
122647,,1,0.3695496783416726,0.2628067667381463,0.3676435549201811
113662,,1,0.3501208702659146,0.34891216760676874,0.30096696212731666
143432,,1,0.40431596091205213,0.3131107491856677,0.28257328990228014
78191,,1,0.35476956055734193,0.2979635584137192,0.34726688102893893
99095,,1,0.35476956055734193,0.2979635584137192,0.34726688102893893
116905,,1,0.40431596091205213,0.3131107491856677,0.28257328990228014
58740,,1,0.35476956055734193,0.2979635584137192,0.34726688102893893
57893,,1,0.3695496783416726,0.2628067667381463,0.3676435549201811
55898,,1,0.3612197028928851,0.29163408913213446,0.34714620797498047
4622,3.0,1,0.4456899884035562,0.2740626207962891,0.2802473908001546
107728,,1,0.3695496783416726,0.2628067667381463,0.3676435549201811
175253,,1,0.35476956055734193,0.2979635584137192,0.34726688102893893
100640,,1,0.38565629228687415,0.2821380243572395,0.33220568335588635
38436,,3,0.28652886671418387,0.32216678545972915,0.391304347826087
129455,,1,0.4456899884035562,0.2740626207962891,0.2802473908001546
136872,,3,0.325,0.2125,0.4625
187416,,3,0.36065573770491804,0.2167577413479053,0.4225865209471767
138425,,1,0.35476956055734193,0.2979635584137192,0.34726688102893893
46172,,1,0.35476956055734193,0.2979635584137192,0.34726688102893893
110425,,1,0.3695496783416726,0.2628067667381463,0.3676435549201811
59911,,1,0.3501208702659146,0.34891216760676874,0.30096696212731666
101423,,1,0.35476956055734193,0.2979635584137192,0.34726688102893893
4241,,1,0.3695496783416726,0.2628067667381463,0.3676435549201811
59001,,1,0.3695496783416726,0.2628067667381463,0.3676435549201811
142911,,3,0.28652886671418387,0.32216678545972915,0.391304347826087
149588,,1,0.4456899884035562,0.2740626207962891,0.2802473908001546
153029,,1,0.35476956055734193,0.2979635584137192,0.34726688102893893
137276,,1,0.38283208020050125,0.3208020050125313,0.29636591478696744
37802,,1,0.35476956055734193,0.2979635584137192,0.34726688102893893
124314,,1,0.35476956055734193,0.2979635584137192,0.34726688102893893
53739,,1,0.3695496783416726,0.2628067667381463,0.3676435549201811
98831,,1,0.40431596091205213,0.3131107491856677,0.28257328990228014
48637,,3,0.22746781115879827,0.296137339055794,0.47639484978540775
57812,,1,0.35476956055734193,0.2979635584137192,0.34726688102893893
56180,,1,0.4456899884035562,0.2740626207962891,0.2802473908001546
149882,,1,0.40431596091205213,0.3131107491856677,0.28257328990228014
64780,,1,0.35476956055734193,0.2979635584137192,0.34726688102893893
174620,,1,0.38565629228687415,0.2821380243572395,0.33220568335588635
106547,,1,0.3523035230352303,0.34146341463414637,0.3062330623306233
13210,2.0,1,0.40431596091205213,0.3131107491856677,0.28257328990228014
64855,,1,0.40431596091205213,0.3131107491856677,0.28257328990228014
145316,,1,0.3695496783416726,0.2628067667381463,0.3676435549201811
60054,,1,0.3501208702659146,0.34891216760676874,0.30096696212731666
74544,,1,0.3695496783416726,0.2628067667381463,0.3676435549201811
19460,,1,0.40431596091205213,0.3131107491856677,0.28257328990228014
104646,,1,0.3695496783416726,0.2628067667381463,0.3676435549201811
180392,,3,0.36065573770491804,0.2167577413479053,0.4225865209471767
161447,,1,0.35476956055734193,0.2979635584137192,0.34726688102893893
99182,,1,0.4456899884035562,0.2740626207962891,0.2802473908001546
168943,,1,0.4484636328276935,0.27148969272656553,0.28004667444574094
145898,,1,0.35476956055734193,0.2979635584137192,0.34726688102893893
101733,,1,0.35476956055734193,0.2979635584137192,0.34726688102893893
101745,,1,0.4456899884035562,0.2740626207962891,0.2802473908001546
72597,,1,0.38565629228687415,0.2821380243572395,0.33220568335588635
138755,,1,0.4456899884035562,0.2740626207962891,0.2802473908001546
103125,,1,0.3695496783416726,0.2628067667381463,0.3676435549201811
105902,,1,0.35476956055734193,0.2979635584137192,0.34726688102893893
149491,,1,0.3695496783416726,0.2628067667381463,0.3676435549201811
71679,,1,0.40431596091205213,0.3131107491856677,0.28257328990228014
97209,,3,0.3425414364640884,0.2585635359116022,0.3988950276243094
150488,,1,0.35476956055734193,0.2979635584137192,0.34726688102893893
176294,,1,0.3523035230352303,0.34146341463414637,0.3062330623306233
108230,,1,0.3695496783416726,0.2628067667381463,0.3676435549201811
66071,,1,0.40431596091205213,0.3131107491856677,0.28257328990228014
170192,,1,0.3695496783416726,0.2628067667381463,0.3676435549201811
118112,,1,0.3695496783416726,0.2628067667381463,0.3676435549201811
62645,,1,0.40431596091205213,0.3131107491856677,0.28257328990228014
17745,,1,0.35476956055734193,0.2979635584137192,0.34726688102893893
124786,,1,0.40431596091205213,0.3131107491856677,0.28257328990228014
90735,,3,0.28652886671418387,0.32216678545972915,0.391304347826087
108495,,1,0.4456899884035562,0.2740626207962891,0.2802473908001546
101584,,1,0.40253164556962023,0.3139240506329114,0.28354430379746837
48146,,1,0.4456899884035562,0.2740626207962891,0.2802473908001546
153009,,1,0.3523035230352303,0.34146341463414637,0.3062330623306233
58987,,1,0.40431596091205213,0.3131107491856677,0.28257328990228014
149308,,3,0.28652886671418387,0.32216678545972915,0.391304347826087
174270,,1,0.35476956055734193,0.2979635584137192,0.34726688102893893
16638,,1,0.40431596091205213,0.3131107491856677,0.28257328990228014
101008,,3,0.28652886671418387,0.32216678545972915,0.391304347826087
67140,,1,0.3695496783416726,0.2628067667381463,0.3676435549201811
66787,,1,0.3695496783416726,0.2628067667381463,0.3676435549201811
135558,,1,0.38283208020050125,0.3208020050125313,0.29636591478696744
148297,,1,0.40431596091205213,0.3131107491856677,0.28257328990228014
56955,,1,0.35476956055734193,0.2979635584137192,0.34726688102893893
107901,,1,0.3612197028928851,0.29163408913213446,0.34714620797498047
160358,,1,0.3695496783416726,0.2628067667381463,0.3676435549201811
116782,,1,0.35476956055734193,0.2979635584137192,0.34726688102893893
104767,,1,0.3695496783416726,0.2628067667381463,0.3676435549201811
71999,,1,0.4456899884035562,0.2740626207962891,0.2802473908001546
48061,,1,0.3695496783416726,0.2628067667381463,0.3676435549201811
102214,,3,0.3425414364640884,0.2585635359116022,0.3988950276243094
45618,,1,0.35476956055734193,0.2979635584137192,0.34726688102893893
101759,,1,0.4456899884035562,0.2740626207962891,0.2802473908001546
153048,,1,0.3695496783416726,0.2628067667381463,0.3676435549201811
62543,,1,0.40431596091205213,0.3131107491856677,0.28257328990228014
129323,,1,0.3695496783416726,0.2628067667381463,0.3676435549201811
175187,,1,0.3695496783416726,0.2628067667381463,0.3676435549201811
112663,,1,0.3501208702659146,0.34891216760676874,0.30096696212731666
109506,,1,0.38283208020050125,0.3208020050125313,0.29636591478696744
39363,,1,0.40431596091205213,0.3131107491856677,0.28257328990228014
16410,,3,0.22746781115879827,0.296137339055794,0.47639484978540775
73975,,3,0.28652886671418387,0.32216678545972915,0.391304347826087
49523,,1,0.3695496783416726,0.2628067667381463,0.3676435549201811
113703,,1,0.3501208702659146,0.34891216760676874,0.30096696212731666
170583,,3,0.36065573770491804,0.2167577413479053,0.4225865209471767
56082,,1,0.35476956055734193,0.2979635584137192,0.34726688102893893
28208,2.0,1,0.35476956055734193,0.2979635584137192,0.34726688102893893
159901,,1,0.3523035230352303,0.34146341463414637,0.3062330623306233
136375,,1,0.3695496783416726,0.2628067667381463,0.3676435549201811
97188,,1,0.3695496783416726,0.2628067667381463,0.3676435549201811
172867,,1,0.3695496783416726,0.2628067667381463,0.3676435549201811
159742,,1,0.40431596091205213,0.3131107491856677,0.28257328990228014
112127,,1,0.35476956055734193,0.2979635584137192,0.34726688102893893
86233,,1,0.38565629228687415,0.2821380243572395,0.33220568335588635
142035,,1,0.38283208020050125,0.3208020050125313,0.29636591478696744
150535,,1,0.35476956055734193,0.2979635584137192,0.34726688102893893
56657,,3,0.22746781115879827,0.296137339055794,0.47639484978540775
132831,,1,0.3501208702659146,0.34891216760676874,0.30096696212731666
55279,,1,0.3695496783416726,0.2628067667381463,0.3676435549201811
43571,,1,0.38565629228687415,0.2821380243572395,0.33220568335588635
2090,,1,0.35476956055734193,0.2979635584137192,0.34726688102893893
153084,,1,0.40431596091205213,0.3131107491856677,0.28257328990228014
100828,,1,0.4456899884035562,0.2740626207962891,0.2802473908001546
75071,,1,0.35476956055734193,0.2979635584137192,0.34726688102893893
137006,,1,0.4456899884035562,0.2740626207962891,0.2802473908001546
108782,,1,0.4456899884035562,0.2740626207962891,0.2802473908001546
57035,,1,0.4456899884035562,0.2740626207962891,0.2802473908001546
75266,,1,0.40431596091205213,0.3131107491856677,0.28257328990228014
33010,,1,0.40431596091205213,0.3131107491856677,0.28257328990228014
90375,,1,0.3695496783416726,0.2628067667381463,0.3676435549201811
75165,,1,0.35476956055734193,0.2979635584137192,0.34726688102893893
110427,,1,0.35476956055734193,0.2979635584137192,0.34726688102893893
99533,,1,0.3695496783416726,0.2628067667381463,0.3676435549201811
149862,,3,0.28652886671418387,0.32216678545972915,0.391304347826087
141803,,3,0.1728395061728395,0.2962962962962963,0.5308641975308642
137288,,1,0.35476956055734193,0.2979635584137192,0.34726688102893893
58144,,1,0.35476956055734193,0.2979635584137192,0.34726688102893893
59424,,1,0.35476956055734193,0.2979635584137192,0.34726688102893893
152981,,1,0.38283208020050125,0.3208020050125313,0.29636591478696744
98146,,1,0.3695496783416726,0.2628067667381463,0.3676435549201811
63437,,1,0.40431596091205213,0.3131107491856677,0.28257328990228014
59086,,3,0.22746781115879827,0.296137339055794,0.47639484978540775
131876,,1,0.4456899884035562,0.2740626207962891,0.2802473908001546
129317,,1,0.4456899884035562,0.2740626207962891,0.2802473908001546
86722,,1,0.3612197028928851,0.29163408913213446,0.34714620797498047
159454,,1,0.4456899884035562,0.2740626207962891,0.2802473908001546
138296,,1,0.546875,0.1171875,0.3359375
124321,,1,0.35476956055734193,0.2979635584137192,0.34726688102893893
109026,,1,0.3695496783416726,0.2628067667381463,0.3676435549201811
28174,,1,0.35476956055734193,0.2979635584137192,0.34726688102893893
132733,,1,0.35476956055734193,0.2979635584137192,0.34726688102893893
59812,,1,0.40431596091205213,0.3131107491856677,0.28257328990228014
133816,,1,0.40431596091205213,0.3131107491856677,0.28257328990228014
112367,,1,0.40431596091205213,0.3131107491856677,0.28257328990228014
94591,,1,0.35476956055734193,0.2979635584137192,0.34726688102893893
55249,,1,0.35476956055734193,0.2979635584137192,0.34726688102893893
99820,,1,0.40431596091205213,0.3131107491856677,0.28257328990228014
112318,,1,0.3695496783416726,0.2628067667381463,0.3676435549201811
55858,,1,0.35476956055734193,0.2979635584137192,0.34726688102893893
130371,,1,0.40431596091205213,0.3131107491856677,0.28257328990228014
100066,,1,0.35476956055734193,0.2979635584137192,0.34726688102893893
58677,,3,0.325,0.2125,0.4625
58160,,1,0.4456899884035562,0.2740626207962891,0.2802473908001546
149734,,1,0.3501208702659146,0.34891216760676874,0.30096696212731666
137975,,1,0.35476956055734193,0.2979635584137192,0.34726688102893893
150400,,1,0.35476956055734193,0.2979635584137192,0.34726688102893893
5888,,1,0.4456899884035562,0.2740626207962891,0.2802473908001546
175278,,1,0.38565629228687415,0.2821380243572395,0.33220568335588635
150551,,3,0.28652886671418387,0.32216678545972915,0.391304347826087
73841,,1,0.35476956055734193,0.2979635584137192,0.34726688102893893
175972,,3,0.23908918406072105,0.3092979127134725,0.45161290322580644
180148,,1,0.35476956055734193,0.2979635584137192,0.34726688102893893
140404,,1,0.3612197028928851,0.29163408913213446,0.34714620797498047
154175,,1,0.38283208020050125,0.3208020050125313,0.29636591478696744
77109,,1,0.3612197028928851,0.29163408913213446,0.34714620797498047
75526,,1,0.3695496783416726,0.2628067667381463,0.3676435549201811
25320,,3,0.28652886671418387,0.32216678545972915,0.391304347826087
100528,,1,0.35476956055734193,0.2979635584137192,0.34726688102893893
19127,,1,0.4456899884035562,0.2740626207962891,0.2802473908001546
127369,,1,0.35476956055734193,0.2979635584137192,0.34726688102893893
41625,,1,0.3695496783416726,0.2628067667381463,0.3676435549201811
110319,,1,0.40431596091205213,0.3131107491856677,0.28257328990228014
107444,,1,0.40431596091205213,0.3131107491856677,0.28257328990228014
25645,2.0,1,0.38283208020050125,0.3208020050125313,0.29636591478696744
154409,,1,0.38565629228687415,0.2821380243572395,0.33220568335588635
137678,,1,0.3695496783416726,0.2628067667381463,0.3676435549201811
110076,,3,0.36065573770491804,0.2167577413479053,0.4225865209471767
105915,,1,0.35476956055734193,0.2979635584137192,0.34726688102893893
129711,,1,0.35476956055734193,0.2979635584137192,0.34726688102893893
171452,,1,0.40431596091205213,0.3131107491856677,0.28257328990228014
167292,,1,0.40431596091205213,0.3131107491856677,0.28257328990228014
33847,,1,0.3695496783416726,0.2628067667381463,0.3676435549201811
136498,,1,0.4456899884035562,0.2740626207962891,0.2802473908001546
157953,,1,0.35476956055734193,0.2979635584137192,0.34726688102893893
171634,,1,0.40431596091205213,0.3131107491856677,0.28257328990228014
99041,,1,0.3501208702659146,0.34891216760676874,0.30096696212731666
15644,,1,0.4484636328276935,0.27148969272656553,0.28004667444574094
159112,,1,0.35476956055734193,0.2979635584137192,0.34726688102893893
111262,,1,0.3695496783416726,0.2628067667381463,0.3676435549201811
47894,,1,0.40431596091205213,0.3131107491856677,0.28257328990228014
136265,,1,0.35476956055734193,0.2979635584137192,0.34726688102893893
98266,,1,0.3695496783416726,0.2628067667381463,0.3676435549201811
132473,,1,0.3501208702659146,0.34891216760676874,0.30096696212731666
174602,,1,0.40431596091205213,0.3131107491856677,0.28257328990228014
86254,,1,0.35476956055734193,0.2979635584137192,0.34726688102893893
64272,,1,0.3695496783416726,0.2628067667381463,0.3676435549201811
118352,,1,0.3501208702659146,0.34891216760676874,0.30096696212731666
112268,,1,0.542713567839196,0.22110552763819097,0.23618090452261306
117356,,1,0.35476956055734193,0.2979635584137192,0.34726688102893893
43587,,1,0.38565629228687415,0.2821380243572395,0.33220568335588635
121757,,1,0.4484636328276935,0.27148969272656553,0.28004667444574094
85062,,1,0.40431596091205213,0.3131107491856677,0.28257328990228014
104836,,1,0.3695496783416726,0.2628067667381463,0.3676435549201811
95817,,3,0.28652886671418387,0.32216678545972915,0.391304347826087
4356,,1,0.3695496783416726,0.2628067667381463,0.3676435549201811
4013,,1,0.3695496783416726,0.2628067667381463,0.3676435549201811
110402,,1,0.40253164556962023,0.3139240506329114,0.28354430379746837
113677,,1,0.3501208702659146,0.34891216760676874,0.30096696212731666
88199,,1,0.40431596091205213,0.3131107491856677,0.28257328990228014
102885,,3,0.28652886671418387,0.32216678545972915,0.391304347826087
65366,,1,0.35476956055734193,0.2979635584137192,0.34726688102893893
106794,,1,0.3523035230352303,0.34146341463414637,0.3062330623306233
98503,,1,0.4456899884035562,0.2740626207962891,0.2802473908001546
55363,,1,0.40253164556962023,0.3139240506329114,0.28354430379746837
152828,,1,0.4456899884035562,0.2740626207962891,0.2802473908001546
29193,,1,0.3523035230352303,0.34146341463414637,0.3062330623306233
29223,,1,0.35476956055734193,0.2979635584137192,0.34726688102893893
30131,,2,0.3473684210526316,0.4046783625730994,0.247953216374269
67897,,3,0.22746781115879827,0.296137339055794,0.47639484978540775
58049,,1,0.3695496783416726,0.2628067667381463,0.3676435549201811
68833,,1,0.35476956055734193,0.2979635584137192,0.34726688102893893
46676,,1,0.3501208702659146,0.34891216760676874,0.30096696212731666
123525,,1,0.3695496783416726,0.2628067667381463,0.3676435549201811
101395,,3,0.36065573770491804,0.2167577413479053,0.4225865209471767
122720,,1,0.3695496783416726,0.2628067667381463,0.3676435549201811
171992,,1,0.35476956055734193,0.2979635584137192,0.34726688102893893
75252,,1,0.40431596091205213,0.3131107491856677,0.28257328990228014
155284,,1,0.3695496783416726,0.2628067667381463,0.3676435549201811
85589,,3,0.3305439330543933,0.23430962343096234,0.4351464435146444
87419,,1,0.40431596091205213,0.3131107491856677,0.28257328990228014
105282,,1,0.3501208702659146,0.34891216760676874,0.30096696212731666
70357,,1,0.38283208020050125,0.3208020050125313,0.29636591478696744
115037,,1,0.38283208020050125,0.3208020050125313,0.29636591478696744
118082,,1,0.40431596091205213,0.3131107491856677,0.28257328990228014
2036,,1,0.3612197028928851,0.29163408913213446,0.34714620797498047
133005,,1,0.35476956055734193,0.2979635584137192,0.34726688102893893
19005,,3,0.28652886671418387,0.32216678545972915,0.391304347826087
161605,,3,0.28652886671418387,0.32216678545972915,0.391304347826087
111726,,1,0.35476956055734193,0.2979635584137192,0.34726688102893893
145099,,1,0.35476956055734193,0.2979635584137192,0.34726688102893893
62972,,1,0.3695496783416726,0.2628067667381463,0.3676435549201811
169256,,3,0.22746781115879827,0.296137339055794,0.47639484978540775
123688,,1,0.40253164556962023,0.3139240506329114,0.28354430379746837
156216,,1,0.4456899884035562,0.2740626207962891,0.2802473908001546
123289,,3,0.28652886671418387,0.32216678545972915,0.391304347826087
99989,,1,0.3695496783416726,0.2628067667381463,0.3676435549201811
70871,,1,0.35476956055734193,0.2979635584137192,0.34726688102893893
171487,,1,0.4456899884035562,0.2740626207962891,0.2802473908001546
104331,,1,0.38283208020050125,0.3208020050125313,0.29636591478696744
132071,,1,0.40431596091205213,0.3131107491856677,0.28257328990228014
96278,,1,0.35476956055734193,0.2979635584137192,0.34726688102893893
167052,,1,0.40431596091205213,0.3131107491856677,0.28257328990228014
90261,,1,0.35476956055734193,0.2979635584137192,0.34726688102893893
23568,,3,0.28652886671418387,0.32216678545972915,0.391304347826087
70323,,1,0.38283208020050125,0.3208020050125313,0.29636591478696744
2600,1.0,1,0.35476956055734193,0.2979635584137192,0.34726688102893893
87361,,1,0.3695496783416726,0.2628067667381463,0.3676435549201811
56171,,1,0.3695496783416726,0.2628067667381463,0.3676435549201811
138805,,1,0.35476956055734193,0.2979635584137192,0.34726688102893893
130323,,1,0.4456899884035562,0.2740626207962891,0.2802473908001546
148865,,1,0.35476956055734193,0.2979635584137192,0.34726688102893893
118296,,2,0.3473684210526316,0.4046783625730994,0.247953216374269
52300,,1,0.40431596091205213,0.3131107491856677,0.28257328990228014
109741,,1,0.35476956055734193,0.2979635584137192,0.34726688102893893
38246,,1,0.38565629228687415,0.2821380243572395,0.33220568335588635
150936,,1,0.35476956055734193,0.2979635584137192,0.34726688102893893
47487,,1,0.40431596091205213,0.3131107491856677,0.28257328990228014
80647,,1,0.35476956055734193,0.2979635584137192,0.34726688102893893
86074,,1,0.3612197028928851,0.29163408913213446,0.34714620797498047
23968,,3,0.28652886671418387,0.32216678545972915,0.391304347826087
108669,,1,0.38283208020050125,0.3208020050125313,0.29636591478696744
39865,,1,0.40431596091205213,0.3131107491856677,0.28257328990228014
103573,,1,0.3695496783416726,0.2628067667381463,0.3676435549201811
129616,,1,0.35476956055734193,0.2979635584137192,0.34726688102893893
126206,,1,0.35476956055734193,0.2979635584137192,0.34726688102893893
71425,,1,0.4456899884035562,0.2740626207962891,0.2802473908001546
115141,,1,0.40431596091205213,0.3131107491856677,0.28257328990228014
53925,,1,0.35476956055734193,0.2979635584137192,0.34726688102893893
155442,,1,0.3501208702659146,0.34891216760676874,0.30096696212731666
158137,,2,0.2490842490842491,0.4249084249084249,0.326007326007326
62530,,1,0.3695496783416726,0.2628067667381463,0.3676435549201811
99109,,1,0.35476956055734193,0.2979635584137192,0.34726688102893893
53745,,1,0.3695496783416726,0.2628067667381463,0.3676435549201811
85096,,1,0.40431596091205213,0.3131107491856677,0.28257328990228014
71710,,1,0.4456899884035562,0.2740626207962891,0.2802473908001546
109127,,1,0.3501208702659146,0.34891216760676874,0.30096696212731666
133973,,1,0.3523035230352303,0.34146341463414637,0.3062330623306233
122508,,1,0.35476956055734193,0.2979635584137192,0.34726688102893893
11796,,1,0.40431596091205213,0.3131107491856677,0.28257328990228014
96431,,1,0.3695496783416726,0.2628067667381463,0.3676435549201811
58911,,1,0.35476956055734193,0.2979635584137192,0.34726688102893893
94164,,1,0.38565629228687415,0.2821380243572395,0.33220568335588635
138938,,1,0.3501208702659146,0.34891216760676874,0.30096696212731666
90740,,1,0.3501208702659146,0.34891216760676874,0.30096696212731666
4373,3.0,1,0.40431596091205213,0.3131107491856677,0.28257328990228014
142625,,1,0.3501208702659146,0.34891216760676874,0.30096696212731666
165050,,3,0.22746781115879827,0.296137339055794,0.47639484978540775
169889,,1,0.3695496783416726,0.2628067667381463,0.3676435549201811
76155,,1,0.40431596091205213,0.3131107491856677,0.28257328990228014
60742,,1,0.35476956055734193,0.2979635584137192,0.34726688102893893
77049,,1,0.3695496783416726,0.2628067667381463,0.3676435549201811
94095,,1,0.4456899884035562,0.2740626207962891,0.2802473908001546
111063,,1,0.3501208702659146,0.34891216760676874,0.30096696212731666
59868,,1,0.40431596091205213,0.3131107491856677,0.28257328990228014
72519,,1,0.35476956055734193,0.2979635584137192,0.34726688102893893
132378,,1,0.35476956055734193,0.2979635584137192,0.34726688102893893
105751,,1,0.3612197028928851,0.29163408913213446,0.34714620797498047
116010,,1,0.4484636328276935,0.27148969272656553,0.28004667444574094
121787,,1,0.38565629228687415,0.2821380243572395,0.33220568335588635
124602,,1,0.35476956055734193,0.2979635584137192,0.34726688102893893
104804,,3,0.3305439330543933,0.23430962343096234,0.4351464435146444
87418,,1,0.3695496783416726,0.2628067667381463,0.3676435549201811
58489,,1,0.3695496783416726,0.2628067667381463,0.3676435549201811
99365,,1,0.4484636328276935,0.27148969272656553,0.28004667444574094
133157,,1,0.3695496783416726,0.2628067667381463,0.3676435549201811
107130,,1,0.40253164556962023,0.3139240506329114,0.28354430379746837
27537,,1,0.35476956055734193,0.2979635584137192,0.34726688102893893
66248,,1,0.38283208020050125,0.3208020050125313,0.29636591478696744
70628,,1,0.38565629228687415,0.2821380243572395,0.33220568335588635
44086,,1,0.35476956055734193,0.2979635584137192,0.34726688102893893
23946,,1,0.40431596091205213,0.3131107491856677,0.28257328990228014
61059,,3,0.23908918406072105,0.3092979127134725,0.45161290322580644
105467,,1,0.35476956055734193,0.2979635584137192,0.34726688102893893
120907,,1,0.40431596091205213,0.3131107491856677,0.28257328990228014
97782,,1,0.38283208020050125,0.3208020050125313,0.29636591478696744
41841,,2,0.3473684210526316,0.4046783625730994,0.247953216374269
32741,,1,0.4456899884035562,0.2740626207962891,0.2802473908001546
73320,,1,0.546875,0.1171875,0.3359375
100043,,3,0.36065573770491804,0.2167577413479053,0.4225865209471767
175957,,1,0.3695496783416726,0.2628067667381463,0.3676435549201811
174449,,1,0.3695496783416726,0.2628067667381463,0.3676435549201811
85687,,1,0.40431596091205213,0.3131107491856677,0.28257328990228014
39254,,1,0.40253164556962023,0.3139240506329114,0.28354430379746837
33838,,1,0.38565629228687415,0.2821380243572395,0.33220568335588635
19445,1.0,3,0.22746781115879827,0.296137339055794,0.47639484978540775
151600,,1,0.3523035230352303,0.34146341463414637,0.3062330623306233
106115,,1,0.35476956055734193,0.2979635584137192,0.34726688102893893
146617,,3,0.28652886671418387,0.32216678545972915,0.391304347826087
149478,,1,0.3501208702659146,0.34891216760676874,0.30096696212731666
154231,,3,0.28652886671418387,0.32216678545972915,0.391304347826087
13391,,1,0.40431596091205213,0.3131107491856677,0.28257328990228014
27316,,1,0.35476956055734193,0.2979635584137192,0.34726688102893893
106357,,1,0.35476956055734193,0.2979635584137192,0.34726688102893893
114917,,1,0.35476956055734193,0.2979635584137192,0.34726688102893893
106448,,3,0.28652886671418387,0.32216678545972915,0.391304347826087
109778,,1,0.3501208702659146,0.34891216760676874,0.30096696212731666
135279,,1,0.4484636328276935,0.27148969272656553,0.28004667444574094
32745,,1,0.40431596091205213,0.3131107491856677,0.28257328990228014
24258,,1,0.35476956055734193,0.2979635584137192,0.34726688102893893
4651,1.0,1,0.3695496783416726,0.2628067667381463,0.3676435549201811
48071,,1,0.40431596091205213,0.3131107491856677,0.28257328990228014
145964,,1,0.35476956055734193,0.2979635584137192,0.34726688102893893
174645,,1,0.3695496783416726,0.2628067667381463,0.3676435549201811
29603,,1,0.38565629228687415,0.2821380243572395,0.33220568335588635
107798,,1,0.3695496783416726,0.2628067667381463,0.3676435549201811
114638,,1,0.35476956055734193,0.2979635584137192,0.34726688102893893
102117,,1,0.35476956055734193,0.2979635584137192,0.34726688102893893
152151,,3,0.3305439330543933,0.23430962343096234,0.4351464435146444
46344,,1,0.40431596091205213,0.3131107491856677,0.28257328990228014
152983,,1,0.3501208702659146,0.34891216760676874,0.30096696212731666
151049,,1,0.40431596091205213,0.3131107491856677,0.28257328990228014
131890,,1,0.4456899884035562,0.2740626207962891,0.2802473908001546
85432,,1,0.35476956055734193,0.2979635584137192,0.34726688102893893
147928,,1,0.3695496783416726,0.2628067667381463,0.3676435549201811
109584,,1,0.4456899884035562,0.2740626207962891,0.2802473908001546
60561,,1,0.35476956055734193,0.2979635584137192,0.34726688102893893
34237,,1,0.35476956055734193,0.2979635584137192,0.34726688102893893
